# Bins	Density_mean	Density_std
-1.000000000000000000e+00 0.000000000000000000e+00 0.000000000000000000e+00
-9.899999999999999911e-01 0.000000000000000000e+00 0.000000000000000000e+00
-9.799999999999999822e-01 0.000000000000000000e+00 0.000000000000000000e+00
-9.699999999999999734e-01 0.000000000000000000e+00 0.000000000000000000e+00
-9.599999999999999645e-01 0.000000000000000000e+00 0.000000000000000000e+00
-9.499999999999999556e-01 0.000000000000000000e+00 0.000000000000000000e+00
-9.399999999999999467e-01 0.000000000000000000e+00 0.000000000000000000e+00
-9.299999999999999378e-01 0.000000000000000000e+00 0.000000000000000000e+00
-9.199999999999999289e-01 0.000000000000000000e+00 0.000000000000000000e+00
-9.099999999999999201e-01 0.000000000000000000e+00 0.000000000000000000e+00
-8.999999999999999112e-01 0.000000000000000000e+00 0.000000000000000000e+00
-8.899999999999999023e-01 0.000000000000000000e+00 0.000000000000000000e+00
-8.799999999999998934e-01 0.000000000000000000e+00 0.000000000000000000e+00
-8.699999999999998845e-01 0.000000000000000000e+00 0.000000000000000000e+00
-8.599999999999998757e-01 0.000000000000000000e+00 0.000000000000000000e+00
-8.499999999999998668e-01 0.000000000000000000e+00 0.000000000000000000e+00
-8.399999999999998579e-01 0.000000000000000000e+00 0.000000000000000000e+00
-8.299999999999998490e-01 0.000000000000000000e+00 0.000000000000000000e+00
-8.199999999999998401e-01 0.000000000000000000e+00 0.000000000000000000e+00
-8.099999999999998312e-01 0.000000000000000000e+00 0.000000000000000000e+00
-7.999999999999998224e-01 0.000000000000000000e+00 0.000000000000000000e+00
-7.899999999999998135e-01 0.000000000000000000e+00 0.000000000000000000e+00
-7.799999999999998046e-01 0.000000000000000000e+00 0.000000000000000000e+00
-7.699999999999997957e-01 0.000000000000000000e+00 0.000000000000000000e+00
-7.599999999999997868e-01 0.000000000000000000e+00 0.000000000000000000e+00
-7.499999999999997780e-01 0.000000000000000000e+00 0.000000000000000000e+00
-7.399999999999997691e-01 0.000000000000000000e+00 0.000000000000000000e+00
-7.299999999999997602e-01 0.000000000000000000e+00 0.000000000000000000e+00
-7.199999999999997513e-01 0.000000000000000000e+00 0.000000000000000000e+00
-7.099999999999997424e-01 0.000000000000000000e+00 0.000000000000000000e+00
-6.999999999999997335e-01 0.000000000000000000e+00 0.000000000000000000e+00
-6.899999999999997247e-01 0.000000000000000000e+00 0.000000000000000000e+00
-6.799999999999997158e-01 0.000000000000000000e+00 0.000000000000000000e+00
-6.699999999999997069e-01 0.000000000000000000e+00 0.000000000000000000e+00
-6.599999999999996980e-01 0.000000000000000000e+00 0.000000000000000000e+00
-6.499999999999996891e-01 0.000000000000000000e+00 0.000000000000000000e+00
-6.399999999999996803e-01 0.000000000000000000e+00 0.000000000000000000e+00
-6.299999999999996714e-01 0.000000000000000000e+00 0.000000000000000000e+00
-6.199999999999996625e-01 0.000000000000000000e+00 0.000000000000000000e+00
-6.099999999999996536e-01 0.000000000000000000e+00 0.000000000000000000e+00
-5.999999999999996447e-01 0.000000000000000000e+00 0.000000000000000000e+00
-5.899999999999996358e-01 0.000000000000000000e+00 0.000000000000000000e+00
-5.799999999999996270e-01 0.000000000000000000e+00 0.000000000000000000e+00
-5.699999999999996181e-01 0.000000000000000000e+00 0.000000000000000000e+00
-5.599999999999996092e-01 0.000000000000000000e+00 0.000000000000000000e+00
-5.499999999999996003e-01 0.000000000000000000e+00 0.000000000000000000e+00
-5.399999999999995914e-01 0.000000000000000000e+00 0.000000000000000000e+00
-5.299999999999995826e-01 0.000000000000000000e+00 0.000000000000000000e+00
-5.199999999999995737e-01 0.000000000000000000e+00 0.000000000000000000e+00
-5.099999999999995648e-01 0.000000000000000000e+00 0.000000000000000000e+00
-4.999999999999995559e-01 0.000000000000000000e+00 0.000000000000000000e+00
-4.899999999999995470e-01 0.000000000000000000e+00 0.000000000000000000e+00
-4.799999999999995381e-01 0.000000000000000000e+00 0.000000000000000000e+00
-4.699999999999995293e-01 0.000000000000000000e+00 0.000000000000000000e+00
-4.599999999999995204e-01 0.000000000000000000e+00 0.000000000000000000e+00
-4.499999999999995115e-01 0.000000000000000000e+00 0.000000000000000000e+00
-4.399999999999995026e-01 0.000000000000000000e+00 0.000000000000000000e+00
-4.299999999999994937e-01 0.000000000000000000e+00 0.000000000000000000e+00
-4.199999999999994849e-01 0.000000000000000000e+00 0.000000000000000000e+00
-4.099999999999994760e-01 0.000000000000000000e+00 0.000000000000000000e+00
-3.999999999999994671e-01 0.000000000000000000e+00 0.000000000000000000e+00
-3.899999999999994582e-01 0.000000000000000000e+00 0.000000000000000000e+00
-3.799999999999994493e-01 0.000000000000000000e+00 0.000000000000000000e+00
-3.699999999999994404e-01 0.000000000000000000e+00 0.000000000000000000e+00
-3.599999999999994316e-01 0.000000000000000000e+00 0.000000000000000000e+00
-3.499999999999994227e-01 0.000000000000000000e+00 0.000000000000000000e+00
-3.399999999999994138e-01 0.000000000000000000e+00 0.000000000000000000e+00
-3.299999999999994049e-01 0.000000000000000000e+00 0.000000000000000000e+00
-3.199999999999993960e-01 0.000000000000000000e+00 0.000000000000000000e+00
-3.099999999999993872e-01 0.000000000000000000e+00 0.000000000000000000e+00
-2.999999999999993783e-01 0.000000000000000000e+00 0.000000000000000000e+00
-2.899999999999993694e-01 0.000000000000000000e+00 0.000000000000000000e+00
-2.799999999999993605e-01 0.000000000000000000e+00 0.000000000000000000e+00
-2.699999999999993516e-01 0.000000000000000000e+00 0.000000000000000000e+00
-2.599999999999993427e-01 0.000000000000000000e+00 0.000000000000000000e+00
-2.499999999999993339e-01 0.000000000000000000e+00 0.000000000000000000e+00
-2.399999999999993250e-01 4.785775615422225475e-04 2.988715913909565508e-03
-2.299999999999993161e-01 2.105741270785778732e-02 1.701476164300836508e-02
-2.199999999999993072e-01 2.019597309708178745e-01 7.388716799800404411e-02
-2.099999999999992983e-01 7.843886233677025421e-01 1.122353665123479310e-01
-1.999999999999992895e-01 1.595099012620227796e+00 2.233839910546846774e-01
-1.899999999999992806e-01 2.549861247896962446e+00 2.201540012401188851e-01
-1.799999999999992717e-01 3.272991943387260072e+00 3.335925914011194648e-01
-1.699999999999992628e-01 3.518023654896878405e+00 4.628809993184149763e-01
-1.599999999999992539e-01 3.447672753350170982e+00 5.039001302611344491e-01
-1.499999999999992450e-01 3.348607198110931993e+00 3.408974183641682587e-01
-1.399999999999992362e-01 3.075817988031864569e+00 2.940939915904651758e-01
-1.299999999999992273e-01 2.784364253052650451e+00 2.414972747990866420e-01
-1.199999999999992184e-01 2.618297839197500032e+00 2.485098953382104403e-01
-1.099999999999992095e-01 2.307701001756597314e+00 2.450747049405843647e-01
-9.999999999999920064e-02 2.099998340047272372e+00 1.842219037406682414e-01
-8.999999999999919176e-02 2.000932784808031606e+00 1.704697036188954629e-01
-7.999999999999918288e-02 1.838216413883676292e+00 1.578283206228022206e-01
-6.999999999999917399e-02 1.798973053837215064e+00 1.604762694166620707e-01
-5.999999999999916511e-02 1.672628577590067778e+00 1.702384542398233391e-01
-4.999999999999915623e-02 1.618070735574254071e+00 1.805442968923435532e-01
-3.999999999999914735e-02 1.573563022350827234e+00 1.596011322889019923e-01
-2.999999999999913847e-02 1.508476473981085419e+00 1.678272637596799899e-01
-1.999999999999912959e-02 1.527619576442774463e+00 1.779484979209207951e-01
-9.999999999999120703e-03 1.537669705235160666e+00 1.925946192474161101e-01
8.881784197001252323e-16 1.514697982281134392e+00 2.066297071303567490e-01
1.000000000000089706e-02 1.533841084742823435e+00 1.731465574745262859e-01
2.000000000000090594e-02 1.522833800827351647e+00 1.520009348647653191e-01
3.000000000000091482e-02 1.545805523781379032e+00 1.787985240851418522e-01
4.000000000000092371e-02 1.633385217543605661e+00 1.727333540467924367e-01
5.000000000000093259e-02 1.613763537520374047e+00 1.866918738121261245e-01
6.000000000000094147e-02 1.697036033228721097e+00 2.134069593726315439e-01
7.000000000000095035e-02 1.732450772782845760e+00 1.917657362930680065e-01
8.000000000000095923e-02 1.845873654868351865e+00 2.051926061002812551e-01
9.000000000000096811e-02 1.995189854069525426e+00 1.923613918174637838e-01
1.000000000000009770e-01 2.173699284524774455e+00 1.943260638054283562e-01
1.100000000000009859e-01 2.336415655449130657e+00 2.554707808773995503e-01
1.200000000000009948e-01 2.522582326889054372e+00 2.265644001197623103e-01
1.300000000000010036e-01 2.794892959406579447e+00 2.755875497327838763e-01
1.400000000000010125e-01 3.093046780247384220e+00 2.974239224379122137e-01
1.500000000000010214e-01 3.443365555296291181e+00 3.545142228122646899e-01
1.600000000000010303e-01 3.588374556443584051e+00 4.097686052392688905e-01
1.700000000000010392e-01 3.638146622843975386e+00 4.216254736644066137e-01
1.800000000000010481e-01 3.359135904464859657e+00 3.872159782466532696e-01
1.900000000000010569e-01 2.622126459689837041e+00 3.042334535118280670e-01
2.000000000000010658e-01 1.711871937636529895e+00 2.096972658255339406e-01
2.100000000000010747e-01 8.078389238832717201e-01 1.104840638581598700e-01
2.200000000000010836e-01 2.560389954250890665e-01 7.924036323311971219e-02
2.300000000000010925e-01 2.919323125407556965e-02 2.672760349605051225e-02
2.400000000000011013e-01 1.435732684626667534e-03 5.042127482293428699e-03
2.500000000000011102e-01 0.000000000000000000e+00 0.000000000000000000e+00
2.600000000000011191e-01 0.000000000000000000e+00 0.000000000000000000e+00
2.700000000000011280e-01 0.000000000000000000e+00 0.000000000000000000e+00
2.800000000000011369e-01 0.000000000000000000e+00 0.000000000000000000e+00
2.900000000000011458e-01 0.000000000000000000e+00 0.000000000000000000e+00
3.000000000000011546e-01 0.000000000000000000e+00 0.000000000000000000e+00
3.100000000000011635e-01 0.000000000000000000e+00 0.000000000000000000e+00
3.200000000000011724e-01 0.000000000000000000e+00 0.000000000000000000e+00
3.300000000000011813e-01 0.000000000000000000e+00 0.000000000000000000e+00
3.400000000000011902e-01 0.000000000000000000e+00 0.000000000000000000e+00
3.500000000000011990e-01 0.000000000000000000e+00 0.000000000000000000e+00
3.600000000000012079e-01 0.000000000000000000e+00 0.000000000000000000e+00
3.700000000000012168e-01 0.000000000000000000e+00 0.000000000000000000e+00
3.800000000000012257e-01 0.000000000000000000e+00 0.000000000000000000e+00
3.900000000000012346e-01 0.000000000000000000e+00 0.000000000000000000e+00
4.000000000000012434e-01 0.000000000000000000e+00 0.000000000000000000e+00
4.100000000000012523e-01 0.000000000000000000e+00 0.000000000000000000e+00
4.200000000000012612e-01 0.000000000000000000e+00 0.000000000000000000e+00
4.300000000000012701e-01 0.000000000000000000e+00 0.000000000000000000e+00
4.400000000000012790e-01 0.000000000000000000e+00 0.000000000000000000e+00
4.500000000000012879e-01 0.000000000000000000e+00 0.000000000000000000e+00
4.600000000000012967e-01 0.000000000000000000e+00 0.000000000000000000e+00
4.700000000000013056e-01 0.000000000000000000e+00 0.000000000000000000e+00
4.800000000000013145e-01 0.000000000000000000e+00 0.000000000000000000e+00
4.900000000000013234e-01 0.000000000000000000e+00 0.000000000000000000e+00
5.000000000000013323e-01 0.000000000000000000e+00 0.000000000000000000e+00
5.100000000000013411e-01 0.000000000000000000e+00 0.000000000000000000e+00
5.200000000000013500e-01 0.000000000000000000e+00 0.000000000000000000e+00
5.300000000000013589e-01 0.000000000000000000e+00 0.000000000000000000e+00
5.400000000000013678e-01 0.000000000000000000e+00 0.000000000000000000e+00
5.500000000000013767e-01 0.000000000000000000e+00 0.000000000000000000e+00
5.600000000000013856e-01 0.000000000000000000e+00 0.000000000000000000e+00
5.700000000000013944e-01 0.000000000000000000e+00 0.000000000000000000e+00
5.800000000000014033e-01 0.000000000000000000e+00 0.000000000000000000e+00
5.900000000000014122e-01 0.000000000000000000e+00 0.000000000000000000e+00
6.000000000000014211e-01 0.000000000000000000e+00 0.000000000000000000e+00
6.100000000000014300e-01 0.000000000000000000e+00 0.000000000000000000e+00
6.200000000000014388e-01 0.000000000000000000e+00 0.000000000000000000e+00
6.300000000000014477e-01 0.000000000000000000e+00 0.000000000000000000e+00
6.400000000000014566e-01 0.000000000000000000e+00 0.000000000000000000e+00
6.500000000000014655e-01 0.000000000000000000e+00 0.000000000000000000e+00
6.600000000000014744e-01 0.000000000000000000e+00 0.000000000000000000e+00
6.700000000000014833e-01 0.000000000000000000e+00 0.000000000000000000e+00
6.800000000000014921e-01 0.000000000000000000e+00 0.000000000000000000e+00
6.900000000000015010e-01 0.000000000000000000e+00 0.000000000000000000e+00
7.000000000000015099e-01 0.000000000000000000e+00 0.000000000000000000e+00
7.100000000000015188e-01 0.000000000000000000e+00 0.000000000000000000e+00
7.200000000000015277e-01 0.000000000000000000e+00 0.000000000000000000e+00
7.300000000000015365e-01 0.000000000000000000e+00 0.000000000000000000e+00
7.400000000000015454e-01 0.000000000000000000e+00 0.000000000000000000e+00
7.500000000000015543e-01 0.000000000000000000e+00 0.000000000000000000e+00
7.600000000000015632e-01 0.000000000000000000e+00 0.000000000000000000e+00
7.700000000000015721e-01 0.000000000000000000e+00 0.000000000000000000e+00
7.800000000000015810e-01 0.000000000000000000e+00 0.000000000000000000e+00
7.900000000000015898e-01 0.000000000000000000e+00 0.000000000000000000e+00
8.000000000000015987e-01 0.000000000000000000e+00 0.000000000000000000e+00
8.100000000000016076e-01 0.000000000000000000e+00 0.000000000000000000e+00
8.200000000000016165e-01 0.000000000000000000e+00 0.000000000000000000e+00
8.300000000000016254e-01 0.000000000000000000e+00 0.000000000000000000e+00
8.400000000000016342e-01 0.000000000000000000e+00 0.000000000000000000e+00
8.500000000000016431e-01 0.000000000000000000e+00 0.000000000000000000e+00
8.600000000000016520e-01 0.000000000000000000e+00 0.000000000000000000e+00
8.700000000000016609e-01 0.000000000000000000e+00 0.000000000000000000e+00
8.800000000000016698e-01 0.000000000000000000e+00 0.000000000000000000e+00
8.900000000000016787e-01 0.000000000000000000e+00 0.000000000000000000e+00
9.000000000000016875e-01 0.000000000000000000e+00 0.000000000000000000e+00
9.100000000000016964e-01 0.000000000000000000e+00 0.000000000000000000e+00
9.200000000000017053e-01 0.000000000000000000e+00 0.000000000000000000e+00
9.300000000000017142e-01 0.000000000000000000e+00 0.000000000000000000e+00
9.400000000000017231e-01 0.000000000000000000e+00 0.000000000000000000e+00
9.500000000000017319e-01 0.000000000000000000e+00 0.000000000000000000e+00
9.600000000000017408e-01 0.000000000000000000e+00 0.000000000000000000e+00
9.700000000000017497e-01 0.000000000000000000e+00 0.000000000000000000e+00
9.800000000000017586e-01 0.000000000000000000e+00 0.000000000000000000e+00
9.900000000000017675e-01 0.000000000000000000e+00 0.000000000000000000e+00
