# Bins	Density_mean	Density_std
-1.000000000000000000e+00 0.000000000000000000e+00 0.000000000000000000e+00
-9.899999999999999911e-01 0.000000000000000000e+00 0.000000000000000000e+00
-9.799999999999999822e-01 0.000000000000000000e+00 0.000000000000000000e+00
-9.699999999999999734e-01 0.000000000000000000e+00 0.000000000000000000e+00
-9.599999999999999645e-01 0.000000000000000000e+00 0.000000000000000000e+00
-9.499999999999999556e-01 0.000000000000000000e+00 0.000000000000000000e+00
-9.399999999999999467e-01 0.000000000000000000e+00 0.000000000000000000e+00
-9.299999999999999378e-01 0.000000000000000000e+00 0.000000000000000000e+00
-9.199999999999999289e-01 0.000000000000000000e+00 0.000000000000000000e+00
-9.099999999999999201e-01 0.000000000000000000e+00 0.000000000000000000e+00
-8.999999999999999112e-01 0.000000000000000000e+00 0.000000000000000000e+00
-8.899999999999999023e-01 0.000000000000000000e+00 0.000000000000000000e+00
-8.799999999999998934e-01 0.000000000000000000e+00 0.000000000000000000e+00
-8.699999999999998845e-01 0.000000000000000000e+00 0.000000000000000000e+00
-8.599999999999998757e-01 0.000000000000000000e+00 0.000000000000000000e+00
-8.499999999999998668e-01 0.000000000000000000e+00 0.000000000000000000e+00
-8.399999999999998579e-01 0.000000000000000000e+00 0.000000000000000000e+00
-8.299999999999998490e-01 0.000000000000000000e+00 0.000000000000000000e+00
-8.199999999999998401e-01 0.000000000000000000e+00 0.000000000000000000e+00
-8.099999999999998312e-01 0.000000000000000000e+00 0.000000000000000000e+00
-7.999999999999998224e-01 0.000000000000000000e+00 0.000000000000000000e+00
-7.899999999999998135e-01 0.000000000000000000e+00 0.000000000000000000e+00
-7.799999999999998046e-01 0.000000000000000000e+00 0.000000000000000000e+00
-7.699999999999997957e-01 0.000000000000000000e+00 0.000000000000000000e+00
-7.599999999999997868e-01 0.000000000000000000e+00 0.000000000000000000e+00
-7.499999999999997780e-01 0.000000000000000000e+00 0.000000000000000000e+00
-7.399999999999997691e-01 0.000000000000000000e+00 0.000000000000000000e+00
-7.299999999999997602e-01 0.000000000000000000e+00 0.000000000000000000e+00
-7.199999999999997513e-01 0.000000000000000000e+00 0.000000000000000000e+00
-7.099999999999997424e-01 0.000000000000000000e+00 0.000000000000000000e+00
-6.999999999999997335e-01 0.000000000000000000e+00 0.000000000000000000e+00
-6.899999999999997247e-01 0.000000000000000000e+00 0.000000000000000000e+00
-6.799999999999997158e-01 0.000000000000000000e+00 0.000000000000000000e+00
-6.699999999999997069e-01 0.000000000000000000e+00 0.000000000000000000e+00
-6.599999999999996980e-01 0.000000000000000000e+00 0.000000000000000000e+00
-6.499999999999996891e-01 0.000000000000000000e+00 0.000000000000000000e+00
-6.399999999999996803e-01 0.000000000000000000e+00 0.000000000000000000e+00
-6.299999999999996714e-01 0.000000000000000000e+00 0.000000000000000000e+00
-6.199999999999996625e-01 0.000000000000000000e+00 0.000000000000000000e+00
-6.099999999999996536e-01 0.000000000000000000e+00 0.000000000000000000e+00
-5.999999999999996447e-01 0.000000000000000000e+00 0.000000000000000000e+00
-5.899999999999996358e-01 0.000000000000000000e+00 0.000000000000000000e+00
-5.799999999999996270e-01 0.000000000000000000e+00 0.000000000000000000e+00
-5.699999999999996181e-01 0.000000000000000000e+00 0.000000000000000000e+00
-5.599999999999996092e-01 0.000000000000000000e+00 0.000000000000000000e+00
-5.499999999999996003e-01 0.000000000000000000e+00 0.000000000000000000e+00
-5.399999999999995914e-01 0.000000000000000000e+00 0.000000000000000000e+00
-5.299999999999995826e-01 0.000000000000000000e+00 0.000000000000000000e+00
-5.199999999999995737e-01 0.000000000000000000e+00 0.000000000000000000e+00
-5.099999999999995648e-01 0.000000000000000000e+00 0.000000000000000000e+00
-4.999999999999995559e-01 0.000000000000000000e+00 0.000000000000000000e+00
-4.899999999999995470e-01 0.000000000000000000e+00 0.000000000000000000e+00
-4.799999999999995381e-01 0.000000000000000000e+00 0.000000000000000000e+00
-4.699999999999995293e-01 0.000000000000000000e+00 0.000000000000000000e+00
-4.599999999999995204e-01 0.000000000000000000e+00 0.000000000000000000e+00
-4.499999999999995115e-01 0.000000000000000000e+00 0.000000000000000000e+00
-4.399999999999995026e-01 0.000000000000000000e+00 0.000000000000000000e+00
-4.299999999999994937e-01 0.000000000000000000e+00 0.000000000000000000e+00
-4.199999999999994849e-01 0.000000000000000000e+00 0.000000000000000000e+00
-4.099999999999994760e-01 0.000000000000000000e+00 0.000000000000000000e+00
-3.999999999999994671e-01 0.000000000000000000e+00 0.000000000000000000e+00
-3.899999999999994582e-01 0.000000000000000000e+00 0.000000000000000000e+00
-3.799999999999994493e-01 0.000000000000000000e+00 0.000000000000000000e+00
-3.699999999999994404e-01 0.000000000000000000e+00 0.000000000000000000e+00
-3.599999999999994316e-01 0.000000000000000000e+00 0.000000000000000000e+00
-3.499999999999994227e-01 0.000000000000000000e+00 0.000000000000000000e+00
-3.399999999999994138e-01 0.000000000000000000e+00 0.000000000000000000e+00
-3.299999999999994049e-01 0.000000000000000000e+00 0.000000000000000000e+00
-3.199999999999993960e-01 0.000000000000000000e+00 0.000000000000000000e+00
-3.099999999999993872e-01 0.000000000000000000e+00 0.000000000000000000e+00
-2.999999999999993783e-01 0.000000000000000000e+00 0.000000000000000000e+00
-2.899999999999993694e-01 0.000000000000000000e+00 0.000000000000000000e+00
-2.799999999999993605e-01 0.000000000000000000e+00 0.000000000000000000e+00
-2.699999999999993516e-01 0.000000000000000000e+00 0.000000000000000000e+00
-2.599999999999993427e-01 0.000000000000000000e+00 0.000000000000000000e+00
-2.499999999999993339e-01 0.000000000000000000e+00 0.000000000000000000e+00
-2.399999999999993250e-01 0.000000000000000000e+00 0.000000000000000000e+00
-2.299999999999993161e-01 0.000000000000000000e+00 0.000000000000000000e+00
-2.199999999999993072e-01 0.000000000000000000e+00 0.000000000000000000e+00
-2.099999999999992983e-01 0.000000000000000000e+00 0.000000000000000000e+00
-1.999999999999992895e-01 0.000000000000000000e+00 0.000000000000000000e+00
-1.899999999999992806e-01 0.000000000000000000e+00 0.000000000000000000e+00
-1.799999999999992717e-01 0.000000000000000000e+00 0.000000000000000000e+00
-1.699999999999992628e-01 0.000000000000000000e+00 0.000000000000000000e+00
-1.599999999999992539e-01 0.000000000000000000e+00 0.000000000000000000e+00
-1.499999999999992450e-01 0.000000000000000000e+00 0.000000000000000000e+00
-1.399999999999992362e-01 0.000000000000000000e+00 0.000000000000000000e+00
-1.299999999999992273e-01 0.000000000000000000e+00 0.000000000000000000e+00
-1.199999999999992184e-01 0.000000000000000000e+00 0.000000000000000000e+00
-1.099999999999992095e-01 0.000000000000000000e+00 0.000000000000000000e+00
-9.999999999999920064e-02 0.000000000000000000e+00 0.000000000000000000e+00
-8.999999999999919176e-02 0.000000000000000000e+00 0.000000000000000000e+00
-7.999999999999918288e-02 0.000000000000000000e+00 0.000000000000000000e+00
-6.999999999999917399e-02 0.000000000000000000e+00 0.000000000000000000e+00
-5.999999999999916511e-02 0.000000000000000000e+00 0.000000000000000000e+00
-4.999999999999915623e-02 0.000000000000000000e+00 0.000000000000000000e+00
-3.999999999999914735e-02 0.000000000000000000e+00 0.000000000000000000e+00
-2.999999999999913847e-02 0.000000000000000000e+00 0.000000000000000000e+00
-1.999999999999912959e-02 0.000000000000000000e+00 0.000000000000000000e+00
-9.999999999999120703e-03 0.000000000000000000e+00 0.000000000000000000e+00
8.881784197001252323e-16 6.020505724201158415e+01 1.048005943712846610e+00
1.000000000000089706e-02 5.949144492246752236e+01 3.055279904043256001e-01
2.000000000000090594e-02 5.707941401229471978e+01 3.913325234743303960e-01
3.000000000000091482e-02 5.432812478627310071e+01 7.040134572143621483e-01
4.000000000000092371e-02 5.032083533762622096e+01 5.569074747057149999e-01
5.000000000000093259e-02 4.695803033852286745e+01 4.898664687158665321e-01
6.000000000000094147e-02 4.506392670050799154e+01 4.649940728133038492e-01
7.000000000000095035e-02 4.481825688558297571e+01 3.787752825507539889e-01
8.000000000000095923e-02 4.674320218867502774e+01 7.983067891164812302e-01
9.000000000000096811e-02 5.350497138042047851e+01 5.376376290800196633e-01
1.000000000000009770e-01 6.303610939495691667e+01 7.514433506658922957e-01
1.100000000000009859e-01 7.834101981307718177e+01 8.965725142413781823e-01
1.200000000000009948e-01 9.971216670016821126e+01 6.045522406066150545e-01
1.300000000000010036e-01 1.238399203417424559e+02 1.386124541177766512e+00
1.400000000000010125e-01 1.481814386274721755e+02 6.261727885968122465e-01
1.500000000000010214e-01 1.693366938590230859e+02 1.353674396183460971e+00
1.600000000000010303e-01 1.787912594637127768e+02 1.621612192650620177e+00
1.700000000000010392e-01 1.777288172770890071e+02 1.065796144137592716e+00
1.800000000000010481e-01 1.633002355494371614e+02 1.311151134989613887e+00
1.900000000000010569e-01 1.390682583500159808e+02 8.894049208622158975e-01
2.000000000000010658e-01 1.089199989842405785e+02 1.312843394671449060e+00
2.100000000000010747e-01 7.983311829939661664e+01 8.730481399485949812e-01
2.200000000000010836e-01 5.486094113812343664e+01 4.615565694912548977e-01
2.300000000000010925e-01 3.726736647013902370e+01 5.168462599025791526e-01
2.400000000000011013e-01 2.570386907758661010e+01 3.570275887102276613e-01
2.500000000000011102e-01 1.824018612891257618e+01 3.985976204133588330e-01
2.600000000000011191e-01 1.379047831226222165e+01 2.822039959081573124e-01
2.700000000000011280e-01 1.127741436131939423e+01 2.043315233047194313e-01
2.800000000000011369e-01 8.617586624836953035e+00 2.070643124912403821e-01
2.900000000000011458e-01 6.491638745897169827e+00 3.250815259391667822e-01
3.000000000000011546e-01 4.145545188647963286e+00 2.480181010164697608e-01
3.100000000000011635e-01 1.937707371399843170e+00 1.169759575216521297e-01
3.200000000000011724e-01 5.477054315427657416e-01 8.378103176253623441e-02
3.300000000000011813e-01 6.912787000054325393e-02 2.153434899437042804e-02
3.400000000000011902e-01 3.190517076948150028e-03 4.512072521203037978e-03
3.500000000000011990e-01 0.000000000000000000e+00 0.000000000000000000e+00
3.600000000000012079e-01 0.000000000000000000e+00 0.000000000000000000e+00
3.700000000000012168e-01 0.000000000000000000e+00 0.000000000000000000e+00
3.800000000000012257e-01 0.000000000000000000e+00 0.000000000000000000e+00
3.900000000000012346e-01 0.000000000000000000e+00 0.000000000000000000e+00
4.000000000000012434e-01 0.000000000000000000e+00 0.000000000000000000e+00
4.100000000000012523e-01 0.000000000000000000e+00 0.000000000000000000e+00
4.200000000000012612e-01 0.000000000000000000e+00 0.000000000000000000e+00
4.300000000000012701e-01 0.000000000000000000e+00 0.000000000000000000e+00
4.400000000000012790e-01 0.000000000000000000e+00 0.000000000000000000e+00
4.500000000000012879e-01 0.000000000000000000e+00 0.000000000000000000e+00
4.600000000000012967e-01 0.000000000000000000e+00 0.000000000000000000e+00
4.700000000000013056e-01 0.000000000000000000e+00 0.000000000000000000e+00
4.800000000000013145e-01 0.000000000000000000e+00 0.000000000000000000e+00
4.900000000000013234e-01 0.000000000000000000e+00 0.000000000000000000e+00
5.000000000000013323e-01 0.000000000000000000e+00 0.000000000000000000e+00
5.100000000000013411e-01 0.000000000000000000e+00 0.000000000000000000e+00
5.200000000000013500e-01 0.000000000000000000e+00 0.000000000000000000e+00
5.300000000000013589e-01 0.000000000000000000e+00 0.000000000000000000e+00
5.400000000000013678e-01 0.000000000000000000e+00 0.000000000000000000e+00
5.500000000000013767e-01 0.000000000000000000e+00 0.000000000000000000e+00
5.600000000000013856e-01 0.000000000000000000e+00 0.000000000000000000e+00
5.700000000000013944e-01 0.000000000000000000e+00 0.000000000000000000e+00
5.800000000000014033e-01 0.000000000000000000e+00 0.000000000000000000e+00
5.900000000000014122e-01 0.000000000000000000e+00 0.000000000000000000e+00
6.000000000000014211e-01 0.000000000000000000e+00 0.000000000000000000e+00
6.100000000000014300e-01 0.000000000000000000e+00 0.000000000000000000e+00
6.200000000000014388e-01 0.000000000000000000e+00 0.000000000000000000e+00
6.300000000000014477e-01 0.000000000000000000e+00 0.000000000000000000e+00
6.400000000000014566e-01 0.000000000000000000e+00 0.000000000000000000e+00
6.500000000000014655e-01 0.000000000000000000e+00 0.000000000000000000e+00
6.600000000000014744e-01 0.000000000000000000e+00 0.000000000000000000e+00
6.700000000000014833e-01 0.000000000000000000e+00 0.000000000000000000e+00
6.800000000000014921e-01 0.000000000000000000e+00 0.000000000000000000e+00
6.900000000000015010e-01 0.000000000000000000e+00 0.000000000000000000e+00
7.000000000000015099e-01 0.000000000000000000e+00 0.000000000000000000e+00
7.100000000000015188e-01 0.000000000000000000e+00 0.000000000000000000e+00
7.200000000000015277e-01 0.000000000000000000e+00 0.000000000000000000e+00
7.300000000000015365e-01 0.000000000000000000e+00 0.000000000000000000e+00
7.400000000000015454e-01 0.000000000000000000e+00 0.000000000000000000e+00
7.500000000000015543e-01 0.000000000000000000e+00 0.000000000000000000e+00
7.600000000000015632e-01 0.000000000000000000e+00 0.000000000000000000e+00
7.700000000000015721e-01 0.000000000000000000e+00 0.000000000000000000e+00
7.800000000000015810e-01 0.000000000000000000e+00 0.000000000000000000e+00
7.900000000000015898e-01 0.000000000000000000e+00 0.000000000000000000e+00
8.000000000000015987e-01 0.000000000000000000e+00 0.000000000000000000e+00
8.100000000000016076e-01 0.000000000000000000e+00 0.000000000000000000e+00
8.200000000000016165e-01 0.000000000000000000e+00 0.000000000000000000e+00
8.300000000000016254e-01 0.000000000000000000e+00 0.000000000000000000e+00
8.400000000000016342e-01 0.000000000000000000e+00 0.000000000000000000e+00
8.500000000000016431e-01 0.000000000000000000e+00 0.000000000000000000e+00
8.600000000000016520e-01 0.000000000000000000e+00 0.000000000000000000e+00
8.700000000000016609e-01 0.000000000000000000e+00 0.000000000000000000e+00
8.800000000000016698e-01 0.000000000000000000e+00 0.000000000000000000e+00
8.900000000000016787e-01 0.000000000000000000e+00 0.000000000000000000e+00
9.000000000000016875e-01 0.000000000000000000e+00 0.000000000000000000e+00
9.100000000000016964e-01 0.000000000000000000e+00 0.000000000000000000e+00
9.200000000000017053e-01 0.000000000000000000e+00 0.000000000000000000e+00
9.300000000000017142e-01 0.000000000000000000e+00 0.000000000000000000e+00
9.400000000000017231e-01 0.000000000000000000e+00 0.000000000000000000e+00
9.500000000000017319e-01 0.000000000000000000e+00 0.000000000000000000e+00
9.600000000000017408e-01 0.000000000000000000e+00 0.000000000000000000e+00
9.700000000000017497e-01 0.000000000000000000e+00 0.000000000000000000e+00
9.800000000000017586e-01 0.000000000000000000e+00 0.000000000000000000e+00
9.900000000000017675e-01 0.000000000000000000e+00 0.000000000000000000e+00
