# Bins	Density_mean	Density_std
-1.000000000000000000e+00 0.000000000000000000e+00 0.000000000000000000e+00
-9.899999999999999911e-01 0.000000000000000000e+00 0.000000000000000000e+00
-9.799999999999999822e-01 0.000000000000000000e+00 0.000000000000000000e+00
-9.699999999999999734e-01 0.000000000000000000e+00 0.000000000000000000e+00
-9.599999999999999645e-01 0.000000000000000000e+00 0.000000000000000000e+00
-9.499999999999999556e-01 0.000000000000000000e+00 0.000000000000000000e+00
-9.399999999999999467e-01 0.000000000000000000e+00 0.000000000000000000e+00
-9.299999999999999378e-01 0.000000000000000000e+00 0.000000000000000000e+00
-9.199999999999999289e-01 0.000000000000000000e+00 0.000000000000000000e+00
-9.099999999999999201e-01 0.000000000000000000e+00 0.000000000000000000e+00
-8.999999999999999112e-01 0.000000000000000000e+00 0.000000000000000000e+00
-8.899999999999999023e-01 0.000000000000000000e+00 0.000000000000000000e+00
-8.799999999999998934e-01 0.000000000000000000e+00 0.000000000000000000e+00
-8.699999999999998845e-01 0.000000000000000000e+00 0.000000000000000000e+00
-8.599999999999998757e-01 0.000000000000000000e+00 0.000000000000000000e+00
-8.499999999999998668e-01 0.000000000000000000e+00 0.000000000000000000e+00
-8.399999999999998579e-01 0.000000000000000000e+00 0.000000000000000000e+00
-8.299999999999998490e-01 0.000000000000000000e+00 0.000000000000000000e+00
-8.199999999999998401e-01 0.000000000000000000e+00 0.000000000000000000e+00
-8.099999999999998312e-01 0.000000000000000000e+00 0.000000000000000000e+00
-7.999999999999998224e-01 0.000000000000000000e+00 0.000000000000000000e+00
-7.899999999999998135e-01 0.000000000000000000e+00 0.000000000000000000e+00
-7.799999999999998046e-01 0.000000000000000000e+00 0.000000000000000000e+00
-7.699999999999997957e-01 0.000000000000000000e+00 0.000000000000000000e+00
-7.599999999999997868e-01 0.000000000000000000e+00 0.000000000000000000e+00
-7.499999999999997780e-01 0.000000000000000000e+00 0.000000000000000000e+00
-7.399999999999997691e-01 0.000000000000000000e+00 0.000000000000000000e+00
-7.299999999999997602e-01 0.000000000000000000e+00 0.000000000000000000e+00
-7.199999999999997513e-01 0.000000000000000000e+00 0.000000000000000000e+00
-7.099999999999997424e-01 0.000000000000000000e+00 0.000000000000000000e+00
-6.999999999999997335e-01 0.000000000000000000e+00 0.000000000000000000e+00
-6.899999999999997247e-01 0.000000000000000000e+00 0.000000000000000000e+00
-6.799999999999997158e-01 0.000000000000000000e+00 0.000000000000000000e+00
-6.699999999999997069e-01 0.000000000000000000e+00 0.000000000000000000e+00
-6.599999999999996980e-01 0.000000000000000000e+00 0.000000000000000000e+00
-6.499999999999996891e-01 0.000000000000000000e+00 0.000000000000000000e+00
-6.399999999999996803e-01 0.000000000000000000e+00 0.000000000000000000e+00
-6.299999999999996714e-01 0.000000000000000000e+00 0.000000000000000000e+00
-6.199999999999996625e-01 0.000000000000000000e+00 0.000000000000000000e+00
-6.099999999999996536e-01 0.000000000000000000e+00 0.000000000000000000e+00
-5.999999999999996447e-01 0.000000000000000000e+00 0.000000000000000000e+00
-5.899999999999996358e-01 0.000000000000000000e+00 0.000000000000000000e+00
-5.799999999999996270e-01 0.000000000000000000e+00 0.000000000000000000e+00
-5.699999999999996181e-01 0.000000000000000000e+00 0.000000000000000000e+00
-5.599999999999996092e-01 0.000000000000000000e+00 0.000000000000000000e+00
-5.499999999999996003e-01 0.000000000000000000e+00 0.000000000000000000e+00
-5.399999999999995914e-01 0.000000000000000000e+00 0.000000000000000000e+00
-5.299999999999995826e-01 0.000000000000000000e+00 0.000000000000000000e+00
-5.199999999999995737e-01 0.000000000000000000e+00 0.000000000000000000e+00
-5.099999999999995648e-01 0.000000000000000000e+00 0.000000000000000000e+00
-4.999999999999995559e-01 0.000000000000000000e+00 0.000000000000000000e+00
-4.899999999999995470e-01 0.000000000000000000e+00 0.000000000000000000e+00
-4.799999999999995381e-01 0.000000000000000000e+00 0.000000000000000000e+00
-4.699999999999995293e-01 0.000000000000000000e+00 0.000000000000000000e+00
-4.599999999999995204e-01 0.000000000000000000e+00 0.000000000000000000e+00
-4.499999999999995115e-01 0.000000000000000000e+00 0.000000000000000000e+00
-4.399999999999995026e-01 0.000000000000000000e+00 0.000000000000000000e+00
-4.299999999999994937e-01 0.000000000000000000e+00 0.000000000000000000e+00
-4.199999999999994849e-01 0.000000000000000000e+00 0.000000000000000000e+00
-4.099999999999994760e-01 0.000000000000000000e+00 0.000000000000000000e+00
-3.999999999999994671e-01 0.000000000000000000e+00 0.000000000000000000e+00
-3.899999999999994582e-01 0.000000000000000000e+00 0.000000000000000000e+00
-3.799999999999994493e-01 0.000000000000000000e+00 0.000000000000000000e+00
-3.699999999999994404e-01 0.000000000000000000e+00 0.000000000000000000e+00
-3.599999999999994316e-01 0.000000000000000000e+00 0.000000000000000000e+00
-3.499999999999994227e-01 0.000000000000000000e+00 0.000000000000000000e+00
-3.399999999999994138e-01 0.000000000000000000e+00 0.000000000000000000e+00
-3.299999999999994049e-01 0.000000000000000000e+00 0.000000000000000000e+00
-3.199999999999993960e-01 0.000000000000000000e+00 0.000000000000000000e+00
-3.099999999999993872e-01 0.000000000000000000e+00 0.000000000000000000e+00
-2.999999999999993783e-01 0.000000000000000000e+00 0.000000000000000000e+00
-2.899999999999993694e-01 0.000000000000000000e+00 0.000000000000000000e+00
-2.799999999999993605e-01 0.000000000000000000e+00 0.000000000000000000e+00
-2.699999999999993516e-01 0.000000000000000000e+00 0.000000000000000000e+00
-2.599999999999993427e-01 0.000000000000000000e+00 0.000000000000000000e+00
-2.499999999999993339e-01 0.000000000000000000e+00 0.000000000000000000e+00
-2.399999999999993250e-01 1.914310246168890103e-02 1.353621756360911220e-02
-2.299999999999993161e-01 7.537596594290003615e-01 4.559063585744531355e-02
-2.199999999999993072e-01 5.848217802045959424e+00 1.926237528206096172e-01
-2.099999999999992983e-01 2.381641235014870261e+01 5.778464863577144062e-01
-1.999999999999992895e-01 5.581889389047712058e+01 9.773152596217098420e-01
-1.899999999999992806e-01 9.298522731984611767e+01 5.549178540022553507e-01
-1.799999999999992717e-01 1.200703244153282014e+02 6.683828685297193983e-01
-1.699999999999992628e-01 1.347841915449438375e+02 4.006568913800216958e-01
-1.599999999999992539e-01 1.365908218397657379e+02 9.136821519228750521e-01
-1.499999999999992450e-01 1.269714128527670596e+02 1.226961244393592665e+00
-1.399999999999992362e-01 1.082087795525042253e+02 4.747515944462872839e-01
-1.299999999999992273e-01 8.551702447197975232e+01 5.917549137601197939e-01
-1.199999999999992184e-01 6.165275436567681311e+01 4.498310864076384141e-01
-1.099999999999992095e-01 4.181571443975169444e+01 1.109915673389537671e+00
-9.999999999999920064e-02 2.870747502911022053e+01 1.083690252593422360e-01
-8.999999999999919176e-02 1.937521257903687655e+01 4.522684562622391047e-01
-7.999999999999918288e-02 1.339060017195138563e+01 2.244727736955506592e-01
-6.999999999999917399e-02 9.557193903998182805e+00 4.807025141448334482e-01
-5.999999999999916511e-02 6.891516886208004067e+00 3.583264601449338005e-01
-4.999999999999915623e-02 4.998742630308513846e+00 4.707364408385245058e-02
-3.999999999999914735e-02 3.799905838645246892e+00 3.016937157290642824e-01
-2.999999999999913847e-02 3.046146179216246530e+00 1.952660964158594858e-01
-1.999999999999912959e-02 2.395280695518823499e+00 1.480306233680699912e-01
-9.999999999999120703e-03 2.321101173479779067e+00 1.092373596058122953e-01
8.881784197001252323e-16 1.993275543823356699e+00 1.096297834283819356e-01
1.000000000000089706e-02 1.907131582745756893e+00 9.239769954872317781e-02
2.000000000000090594e-02 2.017204421900467892e+00 1.153312347807802785e-01
3.000000000000091482e-02 2.306743846633512618e+00 1.661980739324345202e-01
4.000000000000092371e-02 3.254327418487112933e+00 1.301871717891810998e-01
5.000000000000093259e-02 5.118387020694069811e+00 1.787312602327077171e-01
6.000000000000094147e-02 9.360977103765870666e+00 2.082774826254054357e-01
7.000000000000095035e-02 1.857598805126136554e+01 1.437924492096721574e-01
8.000000000000095923e-02 3.371578921064957512e+01 8.210499854956209154e-01
9.000000000000096811e-02 5.569924950009156817e+01 6.571124366337304235e-01
1.000000000000009770e-01 7.846039832703966965e+01 5.698641088009375189e-01
1.100000000000009859e-01 9.621084008464069370e+01 2.557928793241931453e-01
1.200000000000009948e-01 1.050334174316715803e+02 7.915360368531580981e-01
1.300000000000010036e-01 1.074382696784212357e+02 3.753936889664762355e-01
1.400000000000010125e-01 1.048180575289775618e+02 1.103367807492652730e+00
1.500000000000010214e-01 1.017096962667608437e+02 1.129450649730383782e+00
1.600000000000010303e-01 9.544033021055771826e+01 7.397816899671825208e-01
1.700000000000010392e-01 8.625642680456248002e+01 6.046150871961879503e-01
1.800000000000010481e-01 7.578275687021093177e+01 6.914907550581608220e-01
1.900000000000010569e-01 6.064774148643815010e+01 2.414209163716293793e-01
2.000000000000010658e-01 3.990379708139051473e+01 4.171593452583925443e-01
2.100000000000010747e-01 1.968150221842390124e+01 3.124620401585566087e-01
2.200000000000010836e-01 5.948719089969825902e+00 2.863877866663131488e-01
2.300000000000010925e-01 7.944387521600894120e-01 6.596736439954450915e-02
2.400000000000011013e-01 4.307198053880002819e-02 8.289206519535506981e-03
2.500000000000011102e-01 0.000000000000000000e+00 0.000000000000000000e+00
2.600000000000011191e-01 0.000000000000000000e+00 0.000000000000000000e+00
2.700000000000011280e-01 0.000000000000000000e+00 0.000000000000000000e+00
2.800000000000011369e-01 0.000000000000000000e+00 0.000000000000000000e+00
2.900000000000011458e-01 0.000000000000000000e+00 0.000000000000000000e+00
3.000000000000011546e-01 0.000000000000000000e+00 0.000000000000000000e+00
3.100000000000011635e-01 0.000000000000000000e+00 0.000000000000000000e+00
3.200000000000011724e-01 0.000000000000000000e+00 0.000000000000000000e+00
3.300000000000011813e-01 0.000000000000000000e+00 0.000000000000000000e+00
3.400000000000011902e-01 0.000000000000000000e+00 0.000000000000000000e+00
3.500000000000011990e-01 0.000000000000000000e+00 0.000000000000000000e+00
3.600000000000012079e-01 0.000000000000000000e+00 0.000000000000000000e+00
3.700000000000012168e-01 0.000000000000000000e+00 0.000000000000000000e+00
3.800000000000012257e-01 0.000000000000000000e+00 0.000000000000000000e+00
3.900000000000012346e-01 0.000000000000000000e+00 0.000000000000000000e+00
4.000000000000012434e-01 0.000000000000000000e+00 0.000000000000000000e+00
4.100000000000012523e-01 0.000000000000000000e+00 0.000000000000000000e+00
4.200000000000012612e-01 0.000000000000000000e+00 0.000000000000000000e+00
4.300000000000012701e-01 0.000000000000000000e+00 0.000000000000000000e+00
4.400000000000012790e-01 0.000000000000000000e+00 0.000000000000000000e+00
4.500000000000012879e-01 0.000000000000000000e+00 0.000000000000000000e+00
4.600000000000012967e-01 0.000000000000000000e+00 0.000000000000000000e+00
4.700000000000013056e-01 0.000000000000000000e+00 0.000000000000000000e+00
4.800000000000013145e-01 0.000000000000000000e+00 0.000000000000000000e+00
4.900000000000013234e-01 0.000000000000000000e+00 0.000000000000000000e+00
5.000000000000013323e-01 0.000000000000000000e+00 0.000000000000000000e+00
5.100000000000013411e-01 0.000000000000000000e+00 0.000000000000000000e+00
5.200000000000013500e-01 0.000000000000000000e+00 0.000000000000000000e+00
5.300000000000013589e-01 0.000000000000000000e+00 0.000000000000000000e+00
5.400000000000013678e-01 0.000000000000000000e+00 0.000000000000000000e+00
5.500000000000013767e-01 0.000000000000000000e+00 0.000000000000000000e+00
5.600000000000013856e-01 0.000000000000000000e+00 0.000000000000000000e+00
5.700000000000013944e-01 0.000000000000000000e+00 0.000000000000000000e+00
5.800000000000014033e-01 0.000000000000000000e+00 0.000000000000000000e+00
5.900000000000014122e-01 0.000000000000000000e+00 0.000000000000000000e+00
6.000000000000014211e-01 0.000000000000000000e+00 0.000000000000000000e+00
6.100000000000014300e-01 0.000000000000000000e+00 0.000000000000000000e+00
6.200000000000014388e-01 0.000000000000000000e+00 0.000000000000000000e+00
6.300000000000014477e-01 0.000000000000000000e+00 0.000000000000000000e+00
6.400000000000014566e-01 0.000000000000000000e+00 0.000000000000000000e+00
6.500000000000014655e-01 0.000000000000000000e+00 0.000000000000000000e+00
6.600000000000014744e-01 0.000000000000000000e+00 0.000000000000000000e+00
6.700000000000014833e-01 0.000000000000000000e+00 0.000000000000000000e+00
6.800000000000014921e-01 0.000000000000000000e+00 0.000000000000000000e+00
6.900000000000015010e-01 0.000000000000000000e+00 0.000000000000000000e+00
7.000000000000015099e-01 0.000000000000000000e+00 0.000000000000000000e+00
7.100000000000015188e-01 0.000000000000000000e+00 0.000000000000000000e+00
7.200000000000015277e-01 0.000000000000000000e+00 0.000000000000000000e+00
7.300000000000015365e-01 0.000000000000000000e+00 0.000000000000000000e+00
7.400000000000015454e-01 0.000000000000000000e+00 0.000000000000000000e+00
7.500000000000015543e-01 0.000000000000000000e+00 0.000000000000000000e+00
7.600000000000015632e-01 0.000000000000000000e+00 0.000000000000000000e+00
7.700000000000015721e-01 0.000000000000000000e+00 0.000000000000000000e+00
7.800000000000015810e-01 0.000000000000000000e+00 0.000000000000000000e+00
7.900000000000015898e-01 0.000000000000000000e+00 0.000000000000000000e+00
8.000000000000015987e-01 0.000000000000000000e+00 0.000000000000000000e+00
8.100000000000016076e-01 0.000000000000000000e+00 0.000000000000000000e+00
8.200000000000016165e-01 0.000000000000000000e+00 0.000000000000000000e+00
8.300000000000016254e-01 0.000000000000000000e+00 0.000000000000000000e+00
8.400000000000016342e-01 0.000000000000000000e+00 0.000000000000000000e+00
8.500000000000016431e-01 0.000000000000000000e+00 0.000000000000000000e+00
8.600000000000016520e-01 0.000000000000000000e+00 0.000000000000000000e+00
8.700000000000016609e-01 0.000000000000000000e+00 0.000000000000000000e+00
8.800000000000016698e-01 0.000000000000000000e+00 0.000000000000000000e+00
8.900000000000016787e-01 0.000000000000000000e+00 0.000000000000000000e+00
9.000000000000016875e-01 0.000000000000000000e+00 0.000000000000000000e+00
9.100000000000016964e-01 0.000000000000000000e+00 0.000000000000000000e+00
9.200000000000017053e-01 0.000000000000000000e+00 0.000000000000000000e+00
9.300000000000017142e-01 0.000000000000000000e+00 0.000000000000000000e+00
9.400000000000017231e-01 0.000000000000000000e+00 0.000000000000000000e+00
9.500000000000017319e-01 0.000000000000000000e+00 0.000000000000000000e+00
9.600000000000017408e-01 0.000000000000000000e+00 0.000000000000000000e+00
9.700000000000017497e-01 0.000000000000000000e+00 0.000000000000000000e+00
9.800000000000017586e-01 0.000000000000000000e+00 0.000000000000000000e+00
9.900000000000017675e-01 0.000000000000000000e+00 0.000000000000000000e+00
