	distance_nm	Avg_order_param	StdDev_order_param
0	-1.0		
1	-0.99		
2	-0.9800000000000001		
3	-0.97		
4	-0.96		
5	-0.95		
6	-0.9399999999999998		
7	-0.93		
8	-0.9200000000000002		
9	-0.9099999999999999		
10	-0.9		
11	-0.8899999999999999		
12	-0.8799999999999999		
13	-0.8699999999999999		
14	-0.8599999999999998		
15	-0.8499999999999999		
16	-0.8399999999999999		
17	-0.8299999999999998		
18	-0.82		
19	-0.8099999999999998		
20	-0.7999999999999998		
21	-0.7899999999999998		
22	-0.7799999999999998		
23	-0.7699999999999998		
24	-0.7599999999999998		
25	-0.7499999999999998	-0.2530409526079893	
26	-0.7399999999999998	-0.2664519429206848	0.019017528472210714
27	-0.7299999999999998	-0.26945637464523314	0.010158119965092607
28	-0.7199999999999998	-0.2758829742670059	0.004201595333250464
29	-0.7099999999999997	-0.2808880120515823	0.001454147023995235
30	-0.6999999999999997	-0.2806460052728653	0.0015803089991273593
31	-0.6899999999999997	-0.27738304883241655	0.0009462946993799608
32	-0.6799999999999997	-0.26992492079734803	0.001587715498425027
33	-0.6699999999999997	-0.2607104778289795	0.001945331773194453
34	-0.6599999999999997	-0.24936309307813645	0.0027382417850369393
35	-0.6499999999999997	-0.2360036179423332	0.003535058292581306
36	-0.6399999999999997	-0.22195839136838913	0.00404429664980187
37	-0.6299999999999997	-0.20631251186132432	0.005256575223038844
38	-0.6199999999999997	-0.19144684225320815	0.006721014126174185
39	-0.6099999999999997	-0.17711115926504134	0.007531190309476898
40	-0.5999999999999996	-0.16174728274345399	0.007827852941615256
41	-0.5899999999999996	-0.14937521368265153	0.010507879123618993
42	-0.5799999999999996	-0.13492664098739623	0.01228544197024644
43	-0.5699999999999996	-0.1208164244890213	0.014711776445297456
44	-0.5599999999999996	-0.10538628846406936	0.016335437782930534
45	-0.5499999999999996	-0.08877793848514556	0.017817483481886342
46	-0.5399999999999996	-0.06816157698631287	0.019356640944105254
47	-0.5299999999999996	-0.045538637042045596	0.02186819022473511
48	-0.5199999999999996	-0.0222345769405365	0.022099345448617903
49	-0.5099999999999996	0.001532718539237976	0.024324368615007187
50	-0.49999999999999967	0.023118072748184205	0.025724386620511405
51	-0.4899999999999996	0.044118794798851016	0.028961553897056052
52	-0.4799999999999994	0.060622408986091614	0.0350038952073032
53	-0.4699999999999995	0.07484210431575775	0.03701292341376285
54	-0.4599999999999995	0.08624202907085418	0.032692898428573744
55	-0.44999999999999946	0.08587783873081208	0.024233998144197015
56	-0.4399999999999995	0.08253483176231384	0.019628740734562368
57	-0.42999999999999955	0.07705626785755157	0.014238850659393964
58	-0.4199999999999995	0.06736428439617156	0.01152520343335755
59	-0.4099999999999994	0.05992557108402252	0.01101712836572578
60	-0.39999999999999947	0.05249547660350799	0.01128138895172153
61	-0.38999999999999946	0.04229908585548401	0.010474948755014323
62	-0.37999999999999945	0.03274714946746826	0.010409061454169916
63	-0.36999999999999933	0.024418193101882934	0.009358474365030435
64	-0.35999999999999943	0.016441348195075988	0.008594674209507642
65	-0.3499999999999994	0.007661986351013184	0.008317267894490452
66	-0.3399999999999994	0.0009879082441329955	0.009692819299840179
67	-0.3299999999999994	-0.006498262286186218	0.008465827668177505
68	-0.3199999999999994	-0.01328454613685608	0.009460893249034947
69	-0.3099999999999994	-0.018280714750289917	0.009402785463124841
70	-0.2999999999999994	-0.02089819312095642	0.01031943615654761
71	-0.28999999999999937	-0.02514370083808899	0.012501738545234462
72	-0.27999999999999936	-0.023060089349746703	0.014429040645252215
73	-0.2699999999999993	-0.021125993132591246	0.016471943940050075
74	-0.2599999999999993	-0.01625184714794159	0.01527323088910735
75	-0.24999999999999928	-0.010044848918914795	0.014666523932283976
76	-0.23999999999999927	-0.004632464051246643	0.01295990051741799
77	-0.22999999999999926	-0.000668829679489135	0.014916843652034424
78	-0.2199999999999993	0.004662024974822997	0.015607483401920665
79	-0.2099999999999993	0.00884910523891449	0.015141965920304735
80	-0.1999999999999993	0.012308850884437561	0.014569184902719546
81	-0.18999999999999928	0.01576998233795166	0.015878857685015783
82	-0.17999999999999927	0.016903242468833922	0.014386784090459272
83	-0.16999999999999926	0.01669788360595703	0.015953888403061046
84	-0.15999999999999925	0.01635817289352417	0.015257000059092241
85	-0.14999999999999925	0.0154423326253891	0.014700234990795662
86	-0.13999999999999924	0.01653246283531189	0.01513064539631242
87	-0.12999999999999926	0.015702229738235478	0.012870471828699692
88	-0.11999999999999922	0.015858307480812073	0.01176144749866938
89	-0.10999999999999918	0.012829887866973876	0.01101699010657458
90	-0.0999999999999992	0.009160920977592468	0.010280494252177306
91	-0.08999999999999919	0.004864451289176941	0.010272070196706612
92	-0.07999999999999917	0.0016331493854522706	0.011670479985176018
93	-0.06999999999999917	-0.0015238463878631584	0.01251124166283468
94	-0.059999999999999165	-0.004004809260368347	0.014273023008432546
95	-0.04999999999999916	-0.005790320038795471	0.01543264080844499
96	-0.03999999999999915	-0.0069942474365234375	0.016410851543397467
97	-0.02999999999999914	-0.0070259690284729	0.014262863764464255
98	-0.01999999999999913	-0.009252434968948365	0.009345786065189562
99	-0.00999999999999912	-0.011190930008888244	0.007917007019418118
100	8.881784197001252e-16	-0.01004873812198639	0.006153569686537901
101	0.010000000000000895	-0.009001818299293519	0.005358815799141901
102	0.020000000000000902	-0.007771909236907959	0.0061990372537029746
103	0.030000000000000922	-0.007046210765838623	0.006367568504707195
104	0.040000000000000924	-0.009040540456771851	0.00677220835469063
105	0.05000000000000093	-0.00983957052230835	0.0066167933837385645
106	0.06000000000000093	-0.0075227409601211544	0.008190906445519385
107	0.07000000000000095	-0.005161771178245544	0.009956603095191878
108	0.08000000000000096	0.00024380981922149657	0.010664463565118928
109	0.09000000000000097	0.002643698453903198	0.007573158833591662
110	0.10000000000000098	0.0065989911556243895	0.01053084948088784
111	0.11000000000000101	0.007771259546279908	0.012147388420928069
112	0.12000000000000097	0.009242495894432068	0.01337231533377305
113	0.13000000000000098	0.010587230324745178	0.015998479073034668
114	0.140000000000001	0.01324637234210968	0.01568327002234025
115	0.15000000000000102	0.016771385073661806	0.01656354852731201
116	0.16000000000000106	0.01891588270664215	0.015024740084896316
117	0.17000000000000104	0.023226049542427064	0.010455744558270986
118	0.18000000000000105	0.023056694865226747	0.009340702211072204
119	0.19000000000000106	0.02539238929748535	0.008730823599577367
120	0.20000000000000107	0.023555049300193788	0.008744345972563985
121	0.21000000000000107	0.021400609612464906	0.008907707411887978
122	0.22000000000000108	0.016259190440177918	0.007895310952482809
123	0.2300000000000011	0.010901531577110291	0.0049623983128052485
124	0.2400000000000011	0.004823136329650879	0.0027003820379549836
125	0.2500000000000011	2.892017364501914e-05	0.005763662334888214
126	0.2600000000000011	-0.005631658434867859	0.008436512720006758
127	0.27000000000000113	-0.009915396571159363	0.009864086003576062
128	0.28000000000000114	-0.010597804188728332	0.01321304922488749
129	0.29000000000000115	-0.013245761394500732	0.01273008545586603
130	0.30000000000000115	-0.014000383019447327	0.011657656478445164
131	0.3100000000000012	-0.011382287740707398	0.012147453049833454
132	0.3200000000000012	-0.007306599617004394	0.013380022182080599
133	0.3300000000000012	-0.0024796336889266967	0.01380757032876096
134	0.3400000000000012	0.007324591279029846	0.012832188359078903
135	0.3500000000000012	0.014034315943717957	0.011799281876340767
136	0.3600000000000012	0.021610599756240845	0.009467410499468873
137	0.3700000000000012	0.031202706694602966	0.008155131753847338
138	0.3800000000000012	0.04213171601295471	0.01013864921579458
139	0.3900000000000012	0.051315787434577945	0.009592782994268257
140	0.40000000000000135	0.05865805745124817	0.009493689285244718
141	0.4100000000000013	0.06694137156009675	0.01085581414705543
142	0.42000000000000137	0.07413426041603088	0.010889066566513774
143	0.4300000000000013	0.07814829349517823	0.009666116371168461
144	0.4400000000000013	0.08249037861824035	0.010065738710231826
145	0.45000000000000123	0.08043981194496155	0.01584875783076349
146	0.4600000000000013	0.07101090848445893	0.022923889650848014
147	0.47000000000000136	0.05771450102329254	0.02854102053440389
148	0.4800000000000013	0.04202587604522705	0.02919058621316966
149	0.49000000000000127	0.023272809386253358	0.02543493945495237
150	0.5000000000000013	0.003245612978935241	0.025360121444553685
151	0.5100000000000013	-0.015365144610404969	0.017863862062169143
152	0.5200000000000014	-0.032757633924484254	0.017146553875080895
153	0.5300000000000014	-0.05257031619548798	0.013683457956004615
154	0.5400000000000014	-0.07168998718261718	0.0070007490851042254
155	0.5500000000000014	-0.08987973630428314	0.004888325165471685
156	0.5600000000000014	-0.10416865944862366	0.0054719537687538105
157	0.5700000000000014	-0.12019939571619034	0.0054010726094667885
158	0.5800000000000014	-0.13655032068490983	0.005464434457092401
159	0.5900000000000014	-0.14973634630441665	0.005650348839917631
160	0.6000000000000014	-0.1625939577817917	0.005252475660049378
161	0.6100000000000014	-0.1770326465368271	0.0024488645924595357
162	0.6200000000000014	-0.19126635193824768	0.0013549613330294883
163	0.6300000000000014	-0.20600180923938752	0.002152283027845334
164	0.6400000000000015	-0.2205221936106682	0.0025356588179991923
165	0.6500000000000015	-0.23417724370956422	0.0033335910522096814
166	0.6600000000000015	-0.24758829772472382	0.0033570906399861457
167	0.6700000000000015	-0.25944346040487287	0.0035555496983671834
168	0.6800000000000015	-0.268855519592762	0.004413676773874064
169	0.6900000000000015	-0.2748329073190689	0.005509920882012944
170	0.7000000000000015	-0.278116574883461	0.006014035322619046
171	0.7100000000000015	-0.2774009883403778	0.005516801847943468
172	0.7200000000000015	-0.27455858886241913	0.002620639058928753
173	0.7300000000000015	-0.26590146869421005	0.004630306722084252
174	0.7400000000000015	-0.25956811606884	0.02130456220049613
175	0.7500000000000016	-0.19769249111413956	0.0651803167759502
176	0.7600000000000016		
177	0.7700000000000016		
178	0.7800000000000016		
179	0.7900000000000016		
180	0.8000000000000016		
181	0.8100000000000016		
182	0.8200000000000017		
183	0.8300000000000016		
184	0.8400000000000016		
185	0.8500000000000016		
186	0.8600000000000015		
187	0.8700000000000017		
188	0.8800000000000017		
189	0.8900000000000017		
190	0.9000000000000018		
191	0.9100000000000016		
192	0.9200000000000015		
193	0.9300000000000017		
194	0.9400000000000016		
195	0.9500000000000016		
196	0.9600000000000015		
197	0.9700000000000017		
198	0.9800000000000019		
199	0.9900000000000018		
