	distance_nm	Avg_No_density_per_nm_sq	StdDev_No_density_per_nm_sq
0	-1.0	0.0	0.0
1	-0.99	0.0	0.0
2	-0.9800000000000001	0.0	0.0
3	-0.97	0.0	0.0
4	-0.96	0.0	0.0
5	-0.95	0.0	0.0
6	-0.9399999999999998	0.0	0.0
7	-0.93	0.0	0.0
8	-0.9200000000000002	0.0	0.0
9	-0.9099999999999999	0.0	0.0
10	-0.9	0.0	0.0
11	-0.8899999999999999	0.0	0.0
12	-0.8799999999999999	0.0	0.0
13	-0.8699999999999999	0.0	0.0
14	-0.8599999999999998	0.0	0.0
15	-0.8499999999999999	0.0	0.0
16	-0.8399999999999999	0.0	0.0
17	-0.8299999999999998	0.0	0.0
18	-0.82	0.0	0.0
19	-0.8099999999999998	0.0	0.0
20	-0.7999999999999998	0.0	0.0
21	-0.7899999999999998	0.0	0.0
22	-0.7799999999999998	0.0	0.0
23	-0.7699999999999998	0.0	0.0
24	-0.7599999999999998	0.0	0.0
25	-0.7499999999999998	0.0013022648829359531	0.0004539804047964955
26	-0.7399999999999998	0.08497278361157093	0.0035581341300874435
27	-0.7299999999999998	1.5358586463125896	0.017598402685193353
28	-0.7199999999999998	10.199837764692843	0.09608962742126924
29	-0.7099999999999997	32.81269075821346	0.3879672656596311
30	-0.6999999999999997	64.66420151074661	0.5824509951370143
31	-0.6899999999999997	88.95540263318775	0.8577932586647236
32	-0.6799999999999997	102.13163190107484	0.8459060736498094
33	-0.6699999999999997	101.92888011100908	0.6416828726828705
34	-0.6599999999999997	94.10622922024959	0.5991465627649307
35	-0.6499999999999997	82.18819402121842	0.5713943588885935
36	-0.6399999999999997	70.9349216360966	0.45717305991299545
37	-0.6299999999999997	60.55781306421411	0.4924047424898384
38	-0.6199999999999997	51.74233713111897	0.4748652230461578
39	-0.6099999999999997	44.3662654253403	0.4864712814118016
40	-0.5999999999999996	38.18960138116036	0.381413457796926
41	-0.5899999999999996	33.45466393667146	0.3841751387732316
42	-0.5799999999999996	29.390794438566807	0.5561909742788791
43	-0.5699999999999996	26.073394023568405	0.6653281434968533
44	-0.5599999999999996	23.22442913916942	0.5559998531069864
45	-0.5499999999999996	21.639627037673154	0.560276274669116
46	-0.5399999999999996	19.858660435977303	0.4381088065952824
47	-0.5299999999999996	18.738104913040342	0.355974383407742
48	-0.5199999999999996	17.871284850336103	0.23309598701021994
49	-0.5099999999999996	17.13076277686193	0.13234284336914443
50	-0.49999999999999967	17.21559448177785	0.15601556743809772
51	-0.4899999999999996	16.983715367163747	0.18523443798775746
52	-0.4799999999999994	17.654414338497833	0.21010473712858244
53	-0.4699999999999995	18.947270357654578	0.29485559377959975
54	-0.4599999999999995	21.034573068646395	0.3190712697207148
55	-0.44999999999999946	24.588356264312388	0.41582619504899637
56	-0.4399999999999995	28.478134651983215	0.3999141251993224
57	-0.42999999999999955	34.000888089611585	0.5475092237423282
58	-0.4199999999999995	39.34723889663893	0.5310953065130434
59	-0.4099999999999994	43.633719724274115	0.6677932985401475
60	-0.39999999999999947	46.63821844452509	0.5423259307789734
61	-0.38999999999999946	47.92052611813004	0.3976699876628507
62	-0.37999999999999945	47.171951706796385	0.31500408830028587
63	-0.36999999999999933	45.93939055171957	0.41349580344810605
64	-0.35999999999999943	44.6119811043356	0.35111866321163054
65	-0.3499999999999994	42.68195943458038	0.2597402956825856
66	-0.3399999999999994	40.687128382484374	0.2905148035793361
67	-0.3299999999999994	39.05288362426597	0.4424108184455567
68	-0.3199999999999994	37.50848429076278	0.5527312211394723
69	-0.3099999999999994	36.11054634776047	0.542918550073405
70	-0.2999999999999994	35.97511079993514	0.35000474624716493
71	-0.28999999999999937	34.84482084699823	0.3002936459403643
72	-0.27999999999999936	34.24460696245305	0.3160797579486098
73	-0.2699999999999993	33.71103648329212	0.3342672359615199
74	-0.2599999999999993	32.91796802179148	0.317376238033202
75	-0.24999999999999928	33.11010635306132	0.19010849876586253
76	-0.23999999999999927	32.03160313363584	0.22227860168065688
77	-0.22999999999999926	31.979284641963886	0.3229541333528938
78	-0.2199999999999993	31.661206444306778	0.2787642479929519
79	-0.2099999999999993	31.33723549805439	0.23584377406691295
80	-0.1999999999999993	31.482448884709108	0.323131468710567
81	-0.18999999999999928	30.660654630332374	0.364045425176779
82	-0.17999999999999927	30.910830566551727	0.37811319447769626
83	-0.16999999999999926	30.84997138768919	0.31083239111569483
84	-0.15999999999999925	30.814907905716137	0.31368816999789256
85	-0.14999999999999925	30.802959625415195	0.28917073180696845
86	-0.13999999999999924	30.944765418959566	0.2742886248086963
87	-0.12999999999999926	31.27750494875706	0.2967282237979804
88	-0.11999999999999922	31.615768252099674	0.40130079224229476
89	-0.10999999999999918	31.96535040771647	0.4162387605522034
90	-0.0999999999999992	32.48206740885074	0.30905539467069637
91	-0.08999999999999919	33.05973040650642	0.3539930197769123
92	-0.07999999999999917	33.66351466727231	0.4830359942968255
93	-0.06999999999999917	34.360736433388865	0.3776328741692602
94	-0.059999999999999165	34.89450225228224	0.27458987695310105
95	-0.04999999999999916	36.27628125852878	0.16711626974251104
96	-0.03999999999999915	36.43605830745767	0.1588226729260344
97	-0.02999999999999914	36.97319916283932	0.2069256109782605
98	-0.01999999999999913	37.32564630119858	0.08437793257757822
99	-0.00999999999999912	37.11994271073149	0.22868836699667236
100	8.881784197001252e-16	37.99670339537547	0.35925095056212997
101	0.010000000000000895	37.23878523350675	0.3926601709942738
102	0.020000000000000902	37.34297727634898	0.42743780935193554
103	0.030000000000000922	37.03670628029717	0.4602459820940386
104	0.040000000000000924	36.54758644247378	0.5058100363933905
105	0.05000000000000093	36.347189581404656	0.4223927380335609
106	0.06000000000000093	34.93810642144588	0.440594469243992
107	0.07000000000000095	34.58768864586252	0.5256780548083771
108	0.08000000000000096	33.9091326764014	0.6189485898705677
109	0.09000000000000097	33.21916018479985	0.5921839713752614
110	0.10000000000000098	32.58176663784684	0.26928294479038367
111	0.11000000000000101	31.95092782413796	0.12000320280973766
112	0.12000000000000097	31.47535154109711	0.17499716198656298
113	0.13000000000000098	31.063260671099375	0.32155129865372944
114	0.140000000000001	30.735133329428947	0.36020750444755933
115	0.15000000000000102	30.50099695568443	0.38519523445766357
116	0.16000000000000106	30.385366686287067	0.3312804452030603
117	0.17000000000000104	30.28344275478262	0.3687149954902029
118	0.18000000000000105	30.423935431236686	0.4963991575039361
119	0.19000000000000106	30.292287303779222	0.5889633290719839
120	0.20000000000000107	31.25694001581403	0.6600707958799252
121	0.21000000000000107	31.018527872370527	0.4317737599580047
122	0.22000000000000108	32.00657794346875	0.2686834559919717
123	0.2300000000000011	32.116706143735705	0.4013903442944685
124	0.2400000000000011	32.36987728918581	0.3306412084840551
125	0.2500000000000011	33.454729049915606	0.23116743347436933
126	0.2600000000000011	33.29414893764224	0.2699593502371184
127	0.27000000000000113	34.0126627345948	0.3533604596229611
128	0.28000000000000114	34.7404226122162	0.33594844076865127
129	0.29000000000000115	34.53064944398994	0.45651095231626604
130	0.30000000000000115	35.81216490645777	0.5381165305067839
131	0.3100000000000012	36.00927354869749	0.4672148165478421
132	0.3200000000000012	37.53685196079607	0.23383184044241773
133	0.3300000000000012	39.1627839281784	0.22572251322354397
134	0.3400000000000012	39.98301546469561	0.3242508020951485
135	0.3500000000000012	42.3749070795988	0.4266774692440721
136	0.3600000000000012	44.34578731005614	0.3954088770799008
137	0.3700000000000012	46.33013512984451	0.4015646931212382
138	0.3800000000000012	47.7702013418098	0.4486010937919344
139	0.3900000000000012	48.19070267250982	0.4719209214004188
140	0.40000000000000135	47.1564656068968	0.5467770015459769
141	0.4100000000000013	43.844100616112414	0.574506789686987
142	0.42000000000000137	40.15148513171809	0.6038563525828531
143	0.4300000000000013	34.156899422587315	0.5273021799949662
144	0.4400000000000013	28.65260558967456	0.3760890204230803
145	0.45000000000000123	24.85164166701997	0.38659710719868806
146	0.4600000000000013	21.119003241890073	0.3431108597052182
147	0.47000000000000136	19.427882064909447	0.37411297266425597
148	0.4800000000000013	17.848440953847934	0.475643047982196
149	0.49000000000000127	16.89862320927124	0.5034913064311317
150	0.5000000000000013	16.992429689672058	0.5328630842354578
151	0.5100000000000013	16.81421474044227	0.4834151589184705
152	0.5200000000000014	17.602768683682065	0.44489084343283236
153	0.5300000000000014	18.71312313170269	0.4526677088978002
154	0.5400000000000014	19.53677311353761	0.436244378306416
155	0.5500000000000014	21.47965464901183	0.3753986025831013
156	0.5600000000000014	23.007992715625463	0.24306308923644276
157	0.5700000000000014	25.77672723102824	0.2472852994072255
158	0.5800000000000014	29.270041927296568	0.30876598124646876
159	0.5900000000000014	32.681227118281086	0.43838948129352273
160	0.6000000000000014	37.63865651801959	0.47491481369924854
161	0.6100000000000014	43.89202396380446	0.5326136990027134
162	0.6200000000000014	51.94040076760617	0.5103583825159521
163	0.6300000000000014	61.104764315047206	0.5496057372706912
164	0.6400000000000015	70.94180193556144	0.5704704923268751
165	0.6500000000000015	82.55946973934347	0.6427782583805545
166	0.6600000000000015	93.69842497215821	0.6486159182946507
167	0.6700000000000015	103.52767070778955	0.563227434289477
168	0.6800000000000015	102.79072986274346	0.5414819603343208
169	0.6900000000000015	89.67490398100986	0.33479272652916486
170	0.7000000000000015	65.26046519181357	0.15277263757921625
171	0.7100000000000015	32.84433579486881	0.1473395564411225
172	0.7200000000000015	10.4701228411462	0.12251495427134956
173	0.7300000000000015	1.542771502399508	0.03653316668551244
174	0.7400000000000015	0.08500534023364434	0.003506161612297703
175	0.7500000000000016	0.001334821505009352	0.0001515428285490693
176	0.7600000000000016	0.0	0.0
177	0.7700000000000016	0.0	0.0
178	0.7800000000000016	0.0	0.0
179	0.7900000000000016	0.0	0.0
180	0.8000000000000016	0.0	0.0
181	0.8100000000000016	0.0	0.0
182	0.8200000000000017	0.0	0.0
183	0.8300000000000016	0.0	0.0
184	0.8400000000000016	0.0	0.0
185	0.8500000000000016	0.0	0.0
186	0.8600000000000015	0.0	0.0
187	0.8700000000000017	0.0	0.0
188	0.8800000000000017	0.0	0.0
189	0.8900000000000017	0.0	0.0
190	0.9000000000000018	0.0	0.0
191	0.9100000000000016	0.0	0.0
192	0.9200000000000015	0.0	0.0
193	0.9300000000000017	0.0	0.0
194	0.9400000000000016	0.0	0.0
195	0.9500000000000016	0.0	0.0
196	0.9600000000000015	0.0	0.0
197	0.9700000000000017	0.0	0.0
198	0.9800000000000019	0.0	0.0
199	0.9900000000000018	0.0	0.0
