	distance_nm	Avg_No_density_per_nm_sq	StdDev_No_density_per_nm_sq
0	-1.0	0.0	0.0
1	-0.99	0.0	0.0
2	-0.9800000000000001	0.0	0.0
3	-0.97	0.0	0.0
4	-0.96	0.0	0.0
5	-0.95	0.0	0.0
6	-0.9399999999999998	0.0	0.0
7	-0.93	0.0	0.0
8	-0.9200000000000002	0.0	0.0
9	-0.9099999999999999	0.0	0.0
10	-0.9	0.0	0.0
11	-0.8899999999999999	0.0	0.0
12	-0.8799999999999999	0.0	0.0
13	-0.8699999999999999	0.0	0.0
14	-0.8599999999999998	0.0	0.0
15	-0.8499999999999999	8.681765886239686e-05	0.00011251808071458155
16	-0.8399999999999999	0.0053609904347530065	0.0011287078236087203
17	-0.8299999999999998	0.11038865324353761	0.009027135228691118
18	-0.82	0.7834534057816273	0.0223609989363008
19	-0.8099999999999998	2.730773494065189	0.06542442916260943
20	-0.7999999999999998	6.046567782374639	0.07031125382304858
21	-0.7899999999999998	9.574197158308337	0.10502050204771742
22	-0.7799999999999998	12.905227945748138	0.11239868933100937
23	-0.7699999999999998	15.959635967637627	0.10664305201659305
24	-0.7599999999999998	19.120156873071682	0.16344585123155972
25	-0.7499999999999998	24.114624856522365	0.24116887904327738
26	-0.7399999999999998	30.61057169337613	0.3888121031334208
27	-0.7299999999999998	41.86916166010326	0.5417484160130384
28	-0.7199999999999998	58.33391361920967	0.6126923279369183
29	-0.7099999999999997	79.90141688678288	0.8472804736067195
30	-0.6999999999999997	104.66016365882008	1.194606788940692
31	-0.6899999999999997	123.28352818346642	1.3849753078557987
32	-0.6799999999999997	138.01749414769944	1.4143924463868438
33	-0.6699999999999997	142.25191693663925	1.4148875180783804
34	-0.6599999999999997	138.19068452492257	1.253979557993086
35	-0.6499999999999997	127.46446044233964	1.0552416462524508
36	-0.6399999999999997	116.00355277384105	0.7935595531523788
37	-0.6299999999999997	104.5399646101251	0.5572245136701763
38	-0.6199999999999997	94.5781917182403	0.4964257331742866
39	-0.6099999999999997	86.78992062039035	0.6608769608322715
40	-0.5999999999999996	80.54085064871916	0.8116139855580011
41	-0.5899999999999996	75.91151603402899	0.810485072334756
42	-0.5799999999999996	70.66813097041248	0.6650945056953763
43	-0.5699999999999996	65.80220738311492	0.378894136158311
44	-0.5599999999999996	60.75611544926318	0.2388424076218606
45	-0.5499999999999996	58.2492229929894	0.20976625214591424
46	-0.5399999999999996	55.44751947163363	0.4134517204131522
47	-0.5299999999999996	54.630055247992665	0.5401895204591517
48	-0.5199999999999996	54.71249946728987	0.5987829043403445
49	-0.5099999999999996	54.688157966186324	0.6739988916651519
50	-0.49999999999999967	56.217830854304964	0.5833932362726484
51	-0.4899999999999996	55.0450219529402	0.45574407433265063
52	-0.4799999999999994	54.93030326896089	0.23200356734050553
53	-0.4699999999999995	53.89527399221076	0.051762987157873724
54	-0.4599999999999995	53.04482991040944	0.27309973321480696
55	-0.44999999999999946	53.61967133415209	0.41461117939724373
56	-0.4399999999999995	53.57225804020586	0.4718741867221244
57	-0.42999999999999955	56.208487103769905	0.6040934687201142
58	-0.4199999999999995	59.39992594796631	0.6328875554554682
59	-0.4099999999999994	63.750630138744974	0.8099406012497856
60	-0.39999999999999947	68.46094392473904	0.8917444535736269
61	-0.38999999999999946	73.19029248243866	0.8698904077117121
62	-0.37999999999999945	76.73023911372347	0.9256332133598628
63	-0.36999999999999933	80.11025676517637	0.9434176959793523
64	-0.35999999999999943	83.2458718547243	0.6381388661564006
65	-0.3499999999999994	84.12673467374951	0.7679688364625672
66	-0.3399999999999994	84.01765913759628	0.6621468934608331
67	-0.3299999999999994	83.02983696285257	0.5184384050520191
68	-0.3199999999999994	81.44037926439981	0.5000374426430096
69	-0.3099999999999994	78.66943089869604	0.4690635480228935
70	-0.2999999999999994	77.96349481007118	0.3774306712139654
71	-0.28999999999999937	74.8003042616271	0.48929870293022043
72	-0.27999999999999936	72.69639767337785	0.6212086454949739
73	-0.2699999999999993	70.5904834267674	0.6318264569846518
74	-0.2599999999999993	67.99568809089544	0.5004096279936218
75	-0.24999999999999928	67.66799483751933	0.5118073150201773
76	-0.23999999999999927	64.78619117365564	0.47929859649170886
77	-0.22999999999999926	64.26631618018025	0.2767498144879164
78	-0.2199999999999993	63.263919490955026	0.13282462317142057
79	-0.2099999999999993	62.52232304895242	0.23536441786397877
80	-0.1999999999999993	62.59695367895201	0.20767097935152887
81	-0.18999999999999928	61.07681988110087	0.1518729537667618
82	-0.17999999999999927	61.60352091300432	0.24433271719242214
83	-0.16999999999999926	61.758631512769355	0.31961887091090063
84	-0.15999999999999925	62.23967730831854	0.43094699461299435
85	-0.14999999999999925	63.070761052193554	0.599771580509303
86	-0.13999999999999924	63.82170124473121	0.6918876585145642
87	-0.12999999999999926	64.56131173278733	0.6729084598761116
88	-0.11999999999999922	65.49332100508987	0.5925720143239966
89	-0.10999999999999918	66.49015051194054	0.5299988239634403
90	-0.0999999999999992	67.22542011705355	0.5411394892385658
91	-0.08999999999999919	68.0967872546407	0.652967697871433
92	-0.07999999999999917	68.78168091319881	0.6821308459680666
93	-0.06999999999999917	69.2980832003197	0.552427837356029
94	-0.059999999999999165	69.13367225884903	0.6346560274920694
95	-0.04999999999999916	71.15401685044321	0.6788969403608919
96	-0.03999999999999915	70.9674022927185	0.8431056703124121
97	-0.02999999999999914	71.50060379682927	1.0688153682797774
98	-0.01999999999999913	71.67290429304906	1.2614303098795117
99	-0.00999999999999912	71.04362819719968	1.130389767779534
100	8.881784197001252e-16	72.35915447752689	1.0988104155218386
101	0.010000000000000895	70.86133281800338	0.7351087079353105
102	0.020000000000000902	71.24872406405474	0.5878645278356455
103	0.030000000000000922	70.94997364770188	0.45893795438358354
104	0.040000000000000924	70.5618118949281	0.4836696756406917
105	0.05000000000000093	70.84735517492652	0.5835084884062379
106	0.06000000000000093	69.02939339834793	0.6075812262658036
107	0.07000000000000095	69.0877240128961	0.6823517807087692
108	0.08000000000000096	68.37709977069268	0.6590617799354118
109	0.09000000000000097	67.83606297286957	0.546829300630205
110	0.10000000000000098	67.1230620972548	0.530485266897023
111	0.11000000000000101	66.32963551291134	0.6385298055533861
112	0.12000000000000097	65.56435955445401	0.5311958828070632
113	0.13000000000000098	64.6319596026866	0.4129456473735838
114	0.140000000000001	63.61341482891296	0.3177683390438025
115	0.15000000000000102	62.84300577637541	0.4046477216702073
116	0.16000000000000106	62.36053834166235	0.427215263842773
117	0.17000000000000104	62.051977529858036	0.5197630168446246
118	0.18000000000000105	61.83091806597965	0.6430163963859407
119	0.19000000000000106	61.165504119628814	0.6220755522606283
120	0.20000000000000107	62.42870105607669	0.5942951152984203
121	0.21000000000000107	61.608947016683224	0.46705742457692645
122	0.22000000000000108	63.69186543590249	0.5744414236538619
123	0.2300000000000011	64.03394871623505	0.5630278547806807
124	0.2400000000000011	64.55755686904152	0.657299177341273
125	0.2500000000000011	67.31963898133397	0.6344949803151264
126	0.2600000000000011	67.64888410036224	0.659065382397181
127	0.27000000000000113	70.19283684476292	0.560884599941671
128	0.28000000000000114	73.13902665488042	0.38162325228306304
129	0.29000000000000115	74.12668604651375	0.2590245337333179
130	0.30000000000000115	77.96634894060628	0.11681513175942496
131	0.3100000000000012	78.81619615100291	0.18281837605241186
132	0.3200000000000012	81.68967617182318	0.23228583720254334
133	0.3300000000000012	84.1486995414417	0.3996506586526694
134	0.3400000000000012	83.40792786719831	0.4842008671764176
135	0.3500000000000012	84.29961033695926	0.6680318498704225
136	0.3600000000000012	83.34163173244951	0.7065987688389885
137	0.3700000000000012	81.42226693031964	0.7285091305550211
138	0.3800000000000012	78.17767397448472	0.7677512451225598
139	0.3900000000000012	73.86949958434127	0.6093000130551723
140	0.40000000000000135	68.8356055315597	0.5210087479137486
141	0.4100000000000013	63.23707112995182	0.3779296431122105
142	0.42000000000000137	60.01199044294623	0.2617081001990462
143	0.4300000000000013	56.07335541775058	0.21132324244576012
144	0.4400000000000013	53.31533203100995	0.22433249511404885
145	0.45000000000000123	53.53901772906892	0.4080225392966456
146	0.4600000000000013	52.57922680593041	0.313668789767953
147	0.47000000000000136	54.47549811080289	0.36870777880210925
148	0.4800000000000013	54.964335791234966	0.45195161608234574
149	0.49000000000000127	55.074702740063785	0.5249079983790791
150	0.5000000000000013	56.345962866578496	0.5095104636862108
151	0.5100000000000013	54.82743519541633	0.5040269104096657
152	0.5200000000000014	54.73297758257404	0.4607827317907708
153	0.5300000000000014	55.071034693976856	0.566852751184534
154	0.5400000000000014	54.770168097189206	0.7328695509176537
155	0.5500000000000014	58.160723241986545	0.7861227045243605
156	0.5600000000000014	60.50482173568598	0.752499895832585
157	0.5700000000000014	65.53603529325017	0.7170274065885498
158	0.5800000000000014	71.07794287686505	0.7768819655006883
159	0.5900000000000014	74.74636879105884	0.477524666591025
160	0.6000000000000014	79.98785471838775	0.3144981338357396
161	0.6100000000000014	86.11073522290245	0.36856969784941696
162	0.6200000000000014	94.88466890623192	0.5717008815707408
163	0.6300000000000014	104.99638674717944	0.9322462627670149
164	0.6400000000000015	115.72703853036433	1.208215815379198
165	0.6500000000000015	127.60033007845932	1.5405255807314686
166	0.6600000000000015	137.17221571660042	1.5775875342418046
167	0.6700000000000015	144.24732315572524	1.4155386511393222
168	0.6800000000000015	138.85060725435036	1.1209944901228714
169	0.6900000000000015	124.28323352526691	0.9807121178837089
170	0.7000000000000015	105.58417485429993	0.9258452477164312
171	0.7100000000000015	79.87226785781984	0.5266216089166345
172	0.7200000000000015	59.4920720406414	0.3455673012793174
173	0.7300000000000015	42.23689955862966	0.10459309231188557
174	0.7400000000000015	30.759029890030824	0.14412640255723683
175	0.7500000000000016	24.216027882073643	0.2217950148569225
176	0.7600000000000016	19.193702282335487	0.30727594434210515
177	0.7700000000000016	16.03581846328938	0.2771352826729315
178	0.7800000000000016	13.146060131432426	0.22956211261620904
179	0.7900000000000016	9.557571576636189	0.20605857730216368
180	0.8000000000000016	6.0671761241471005	0.15830819335549604
181	0.8100000000000016	2.7210499162726003	0.09617280562191334
182	0.8200000000000017	0.7741747684907085	0.034472494040104024
183	0.8300000000000016	0.10542919448102321	0.008728018907203096
184	0.8400000000000016	0.004503666053486838	0.0007269764028896338
185	0.8500000000000016	5.426103678899805e-05	6.64559265237157e-05
186	0.8600000000000015	0.0	0.0
187	0.8700000000000017	0.0	0.0
188	0.8800000000000017	0.0	0.0
189	0.8900000000000017	0.0	0.0
190	0.9000000000000018	0.0	0.0
191	0.9100000000000016	0.0	0.0
192	0.9200000000000015	0.0	0.0
193	0.9300000000000017	0.0	0.0
194	0.9400000000000016	0.0	0.0
195	0.9500000000000016	0.0	0.0
196	0.9600000000000015	0.0	0.0
197	0.9700000000000017	0.0	0.0
198	0.9800000000000019	0.0	0.0
199	0.9900000000000018	0.0	0.0
