	distance_nm	Avg_order_param	StdDev_order_param
0	-0.5		
1	-0.49000000000000005		
2	-0.48		
3	-0.4699999999999999		
4	-0.4600000000000001		
5	-0.45		
6	-0.44000000000000006		
7	-0.43		
8	-0.4199999999999998		
9	-0.41		
10	-0.3999999999999999		
11	-0.3899999999999999		
12	-0.3799999999999999		
13	-0.3699999999999999		
14	-0.3599999999999999		
15	-0.3499999999999999		
16	-0.33999999999999986		
17	-0.32999999999999985		
18	-0.31999999999999984		
19	-0.30999999999999983		
20	-0.2999999999999998		
21	-0.2899999999999998		
22	-0.2799999999999998		
23	-0.2699999999999998		
24	-0.2599999999999998		
25	-0.24999999999999972	-0.29216826111078265	0.009696089874689298
26	-0.2399999999999997	-0.31307572722434995	0.029351166211019488
27	-0.22999999999999976	-0.3169567473232746	0.0005395293185692878
28	-0.2199999999999997	-0.33089682683348653	0.000943790667071136
29	-0.2099999999999997	-0.33953359127044674	0.0004023698740357952
30	-0.19999999999999973	-0.34386426359415057	0.0005974855653155325
31	-0.18999999999999967	-0.33913499265909197	9.177629990139927e-05
32	-0.17999999999999972	-0.3242363318800926	0.0009868844542589106
33	-0.1699999999999997	-0.29965665340423586	0.0008919801820204161
34	-0.1599999999999997	-0.26534259021282197	1.832710210796968e-05
35	-0.1499999999999997	-0.2245178535580635	0.0010190211563520135
36	-0.13999999999999968	-0.18362926691770554	0.0017443801896152855
37	-0.12999999999999967	-0.14578549265861512	0.0017220742577243413
38	-0.11999999999999963	-0.11448118090629578	0.0019237948064437912
39	-0.10999999999999963	-0.09158520996570588	0.0028261199458998938
40	-0.09999999999999963	-0.0751854956150055	0.0023633269506524264
41	-0.08999999999999964	-0.0629565179347992	0.0028220799033510427
42	-0.07999999999999963	-0.05564917922019959	0.003805499715060458
43	-0.06999999999999962	-0.04954422116279602	0.00292271369047698
44	-0.05999999999999961	-0.045678827166557315	0.0024207445250588283
45	-0.0499999999999996	-0.03700112998485565	0.002004130440400031
46	-0.039999999999999584	-0.030890369415283205	0.0026793317332916475
47	-0.029999999999999583	-0.006959888339042664	0.005614900104605877
48	-0.01999999999999957	0.005922663211822507	0.021492438717334923
49	-0.009999999999999565	0.007462885975837707	0.007588644528017281
50	4.440892098500626e-16	0.0029720455408096314	0.007595941089711569
51	0.010000000000000451	-0.0015193223953247057	0.01911429827733671
52	0.020000000000000462	-0.013336187601089478	0.012111729255072756
53	0.030000000000000464	-0.019849234819412233	0.008934443913805452
54	0.04000000000000048	-0.03268057405948639	0.009027928049875228
55	0.05000000000000049	-0.04259751439094543	0.010257398695362846
56	0.0600000000000005	-0.04940487146377563	0.005173800913590419
57	0.0700000000000005	-0.05032758712768555	0.0042589638847860475
58	0.08000000000000053	-0.05412757992744446	0.003917910838343951
59	0.09000000000000052	-0.06039322912693024	0.003719287655578616
60	0.1000000000000005	-0.07193605303764343	0.00437019972296441
61	0.11000000000000054	-0.08890042603015899	0.0034114608984625243
62	0.12000000000000055	-0.11311734020709992	0.003095186779653365
63	0.13000000000000056	-0.14508008509874343	0.003277111119883445
64	0.14000000000000054	-0.18317510634660722	0.002731717618341749
65	0.15000000000000058	-0.2255590289831162	0.0012577019731168611
66	0.1600000000000006	-0.2659824132919312	0.0009004520288198554
67	0.1700000000000006	-0.3010247141122818	0.0004785491611879938
68	0.1800000000000006	-0.32526394426822663	0.0010269298457051884
69	0.1900000000000006	-0.33993205353617667	0.00111325208816573
70	0.20000000000000068	-0.3450151391327381	0.0017081055045478596
71	0.21000000000000069	-0.3423436164855957	0.0018174131406006669
72	0.22000000000000064	-0.3323350831866264	0.002535383793020737
73	0.23000000000000065	-0.31856693550944326	0.003966783110631866
74	0.24000000000000066	-0.28977232426404953	0.008090368842371866
75	0.2500000000000007	-0.24564530104398727	0.08128716803820028
76	0.2600000000000007		
77	0.2700000000000007		
78	0.2800000000000007		
79	0.2900000000000007		
80	0.3000000000000007		
81	0.3100000000000007		
82	0.32000000000000073		
83	0.33000000000000074		
84	0.34000000000000075		
85	0.35000000000000075		
86	0.3600000000000008		
87	0.3700000000000008		
88	0.3800000000000008		
89	0.3900000000000008		
90	0.4000000000000008		
91	0.41000000000000086		
92	0.4200000000000008		
93	0.43000000000000077		
94	0.4400000000000007		
95	0.4500000000000008		
96	0.46000000000000096		
97	0.4700000000000009		
98	0.480000000000001		
99	0.49000000000000093		
