# Bins	S_mean	S_std
-1.000000000000000000e+00 nan nan
-9.899999999999999911e-01 nan nan
-9.799999999999999822e-01 nan nan
-9.699999999999999734e-01 nan nan
-9.599999999999999645e-01 nan nan
-9.499999999999999556e-01 nan nan
-9.399999999999999467e-01 nan nan
-9.299999999999999378e-01 nan nan
-9.199999999999999289e-01 nan nan
-9.099999999999999201e-01 nan nan
-8.999999999999999112e-01 nan nan
-8.899999999999999023e-01 nan nan
-8.799999999999998934e-01 nan nan
-8.699999999999998845e-01 nan nan
-8.599999999999998757e-01 nan nan
-8.499999999999998668e-01 nan nan
-8.399999999999998579e-01 nan nan
-8.299999999999998490e-01 nan nan
-8.199999999999998401e-01 nan nan
-8.099999999999998312e-01 nan nan
-7.999999999999998224e-01 nan nan
-7.899999999999998135e-01 nan nan
-7.799999999999998046e-01 nan nan
-7.699999999999997957e-01 nan nan
-7.599999999999997868e-01 nan nan
-7.499999999999997780e-01 nan nan
-7.399999999999997691e-01 -2.972084819339215755e-01 3.442386353278780592e-02
-7.299999999999997602e-01 -2.970120115205645561e-01 6.500400962098714860e-03
-7.199999999999997513e-01 -2.972668800503015518e-01 3.688345780296959850e-03
-7.099999999999997424e-01 -2.964856643229722977e-01 2.175174126225236197e-03
-6.999999999999997335e-01 -2.957087121903896332e-01 2.106137790826972597e-03
-6.899999999999997247e-01 -2.909342180937528610e-01 8.062191402468968328e-04
-6.799999999999997158e-01 -2.833543764427304268e-01 1.425450643018401310e-03
-6.699999999999997069e-01 -2.736469116061925888e-01 9.475417241790215321e-04
-6.599999999999996980e-01 -2.614557798951864243e-01 1.137835220927812521e-03
-6.499999999999996891e-01 -2.490385379642248154e-01 1.492780230263849629e-03
-6.399999999999996803e-01 -2.340654972940683365e-01 1.385434640544436343e-03
-6.299999999999996714e-01 -2.219367325305938721e-01 2.059473162444154515e-03
-6.199999999999996625e-01 -2.085925359278917313e-01 1.304497675844160098e-03
-6.099999999999996536e-01 -1.940366681665182114e-01 2.867249972043742039e-03
-5.999999999999996447e-01 -1.817036112770438194e-01 3.182408807468802177e-03
-5.899999999999996358e-01 -1.697978917509317398e-01 4.244147801440535661e-03
-5.799999999999996270e-01 -1.559706488624215126e-01 3.087157265240001499e-03
-5.699999999999996181e-01 -1.429455820471048355e-01 2.198454330895570786e-03
-5.599999999999996092e-01 -1.288216114044189453e-01 5.485800966193448043e-03
-5.499999999999996003e-01 -1.127221882343292236e-01 3.213977349724037296e-03
-5.399999999999995914e-01 -9.542597457766532898e-02 2.811392479134609389e-03
-5.299999999999995826e-01 -8.191205561161041260e-02 4.022214139860291401e-03
-5.199999999999995737e-01 -6.147627718746662140e-02 6.362880328015014034e-03
-5.099999999999995648e-01 -4.370887205004692078e-02 6.077212033181963492e-03
-4.999999999999995559e-01 -2.533037029206752777e-02 6.525326386132413933e-03
-4.899999999999995470e-01 -9.028932079672813416e-03 4.760651175284717589e-03
-4.799999999999995381e-01 6.612487137317657471e-03 6.576833682194614845e-03
-4.699999999999995293e-01 1.931310445070266724e-02 4.743356020164709100e-03
-4.599999999999995204e-01 3.055892512202262878e-02 3.381239552125393441e-03
-4.499999999999995115e-01 3.589207865297794342e-02 4.038438308249108627e-03
-4.399999999999995026e-01 4.206150583922863007e-02 2.465735483834250157e-03
-4.299999999999994937e-01 3.729642182588577271e-02 4.818296857422832077e-03
-4.199999999999994849e-01 3.270645812153816223e-02 3.352146935189895000e-03
-4.099999999999994760e-01 2.458607032895088196e-02 2.729207393689139435e-03
-3.999999999999994671e-01 1.652737334370613098e-02 1.816734321331699284e-03
-3.899999999999994582e-01 7.926534861326217651e-03 2.184472894558265373e-03
-3.799999999999994493e-01 1.201840117573738098e-03 3.413614285460787531e-03
-3.699999999999994404e-01 -1.043828763067722321e-02 4.217511218411898986e-03
-3.599999999999994316e-01 -1.993352547287940979e-02 2.403168915501364619e-03
-3.499999999999994227e-01 -3.206111118197441101e-02 1.937480454948161063e-03
-3.399999999999994138e-01 -3.904071636497974396e-02 3.637462479320242512e-03
-3.299999999999994049e-01 -4.742071963846683502e-02 3.943117984242903648e-03
-3.199999999999993960e-01 -5.028196051716804504e-02 3.416062713141655629e-03
-3.099999999999993872e-01 -5.574556998908519745e-02 2.856245589742065390e-03
-2.999999999999993783e-01 -5.538573488593101501e-02 1.868209274458403285e-03
-2.899999999999993694e-01 -5.513673089444637299e-02 3.122332951424170149e-03
-2.799999999999993605e-01 -5.605402961373329163e-02 2.831514415143929469e-03
-2.699999999999993516e-01 -5.143589712679386139e-02 3.298026082457690758e-03
-2.599999999999993427e-01 -4.440102726221084595e-02 2.554026454688048970e-03
-2.499999999999993339e-01 -4.182118363678455353e-02 2.619439693559755082e-03
-2.399999999999993250e-01 -3.512605465948581696e-02 2.320899540376797961e-03
-2.299999999999993161e-01 -3.085356391966342926e-02 4.224162409972994844e-03
-2.199999999999993072e-01 -2.503548376262187958e-02 3.629042947851857624e-03
-2.099999999999992983e-01 -2.054780162870883942e-02 3.468577936078161197e-03
-1.999999999999992895e-01 -1.669849641621112823e-02 4.975002916508669375e-03
-1.899999999999992806e-01 -1.502605527639389038e-02 2.719908339355417079e-03
-1.799999999999992717e-01 -1.079577021300792694e-02 5.159575989058710378e-03
-1.699999999999992628e-01 -1.293372549116611481e-02 2.125087417836291070e-03
-1.599999999999992539e-01 -1.678492501378059387e-02 2.874347266814501235e-03
-1.499999999999992450e-01 -1.676419936120510101e-02 2.990624724507032380e-03
-1.399999999999992362e-01 -1.925753615796566010e-02 2.319924829475374355e-03
-1.299999999999992273e-01 -2.091484516859054565e-02 5.098609239457626077e-03
-1.199999999999992184e-01 -2.337921969592571259e-02 3.258374213103226984e-03
-1.099999999999992095e-01 -2.772863954305648804e-02 2.788210220421191016e-03
-9.999999999999920064e-02 -3.070614859461784363e-02 3.262758476672493295e-03
-8.999999999999919176e-02 -3.385036811232566833e-02 1.692669625992143266e-03
-7.999999999999918288e-02 -3.273141756653785706e-02 5.051936387392382856e-03
-6.999999999999917399e-02 -3.849651850759983063e-02 3.576980238777979163e-03
-5.999999999999916511e-02 -3.819356858730316162e-02 4.845726269757799284e-03
-4.999999999999915623e-02 -3.842099197208881378e-02 3.683727053357506269e-03
-3.999999999999914735e-02 -3.995845653116703033e-02 3.197982846055037916e-03
-2.999999999999913847e-02 -3.983485698699951172e-02 2.656250230969161956e-03
-1.999999999999912959e-02 -4.142810031771659851e-02 3.911257031172065378e-03
-9.999999999999120703e-03 -3.991314955055713654e-02 2.642329619759949642e-03
8.881784197001252323e-16 -4.346413724124431610e-02 4.855058508643672957e-03
1.000000000000089706e-02 -4.041715897619724274e-02 4.186858954690847977e-03
2.000000000000090594e-02 -4.120424762368202209e-02 3.452659926281066022e-03
3.000000000000091482e-02 -4.142342321574687958e-02 1.596688227375818447e-03
4.000000000000092371e-02 -4.013174958527088165e-02 3.216076488062366134e-03
5.000000000000093259e-02 -4.055148735642433167e-02 3.694828369219275207e-03
6.000000000000094147e-02 -3.935649059712886810e-02 3.351113516682456550e-03
7.000000000000095035e-02 -3.877172432839870453e-02 9.700527631264785691e-04
8.000000000000095923e-02 -3.553387336432933807e-02 3.879117193749409380e-03
9.000000000000096811e-02 -3.489090874791145325e-02 3.787808326513720722e-03
1.000000000000009770e-01 -2.823405712842941284e-02 3.610698792954404688e-03
1.100000000000009859e-01 -2.693600207567214966e-02 3.797117128509862934e-03
1.200000000000009948e-01 -2.558057568967342377e-02 3.948158561871592878e-03
1.300000000000010036e-01 -2.154011838138103485e-02 3.240911029292217489e-03
1.400000000000010125e-01 -1.772083155810832977e-02 3.506333526233042317e-03
1.500000000000010214e-01 -1.526246406137943268e-02 3.149894504186095956e-03
1.600000000000010303e-01 -1.253315992653369904e-02 4.404308922813551276e-03
1.700000000000010392e-01 -1.551053486764431000e-02 2.319285246018750867e-03
1.800000000000010481e-01 -1.413044892251491547e-02 4.063346978352588845e-03
1.900000000000010569e-01 -1.398091576993465424e-02 2.262122083884563015e-03
2.000000000000010658e-01 -1.827166229486465454e-02 4.772447144717652766e-03
2.100000000000010747e-01 -2.266811020672321320e-02 3.203417034225113699e-03
2.200000000000010836e-01 -2.588741481304168701e-02 4.034994970400817074e-03
2.300000000000010925e-01 -2.818390540778636932e-02 3.074458212927633390e-03
2.400000000000011013e-01 -3.485080972313880920e-02 2.767983020687487215e-03
2.500000000000011102e-01 -3.906246460974216461e-02 2.589597193314386540e-03
2.600000000000011191e-01 -4.781734012067317963e-02 4.692181993736535897e-03
2.700000000000011280e-01 -5.215249955654144287e-02 4.004848722484646850e-03
2.800000000000011369e-01 -5.463092774152755737e-02 2.366987820176081649e-03
2.900000000000011458e-01 -5.666783079504966736e-02 2.642168695148222699e-03
3.000000000000011546e-01 -5.550437793135643005e-02 3.293821096588517294e-03
3.100000000000011635e-01 -5.797226168215274811e-02 2.483612606815414816e-03
3.200000000000011724e-01 -5.263160914182662964e-02 2.952867177485507272e-03
3.300000000000011813e-01 -4.551154561340808868e-02 2.601773871262336082e-03
3.400000000000011902e-01 -3.934605233371257782e-02 1.351587603338851766e-03
3.500000000000011990e-01 -2.990769408643245697e-02 3.478468969540972431e-03
3.600000000000012079e-01 -2.236301451921463013e-02 1.249406916759939227e-03
3.700000000000012168e-01 -9.819837287068367004e-03 3.772839545961631427e-03
3.800000000000012257e-01 -1.268871128559112549e-04 3.170511514117154220e-03
3.900000000000012346e-01 6.751028820872306824e-03 2.265147583818589733e-03
4.000000000000012434e-01 1.629553548991680145e-02 3.186771857148916216e-03
4.100000000000012523e-01 2.461934089660644531e-02 3.241744345808824680e-03
4.200000000000012612e-01 3.314455784857273102e-02 3.608678393439107828e-03
4.300000000000012701e-01 3.663722984492778778e-02 4.426992977222511498e-03
4.400000000000012790e-01 3.866074979305267334e-02 3.801153853497457862e-03
4.500000000000012879e-01 3.979977779090404510e-02 4.912996092328179160e-03
4.600000000000012967e-01 3.016354516148567200e-02 5.409580189979994180e-03
4.700000000000013056e-01 2.219766378402709961e-02 4.014955476508804376e-03
4.800000000000013145e-01 9.087238460779190063e-03 4.822465050190621362e-03
4.900000000000013234e-01 -9.958172217011451721e-03 4.730211393864193654e-03
5.000000000000013323e-01 -2.508682571351528168e-02 7.429993679921383272e-03
5.100000000000013411e-01 -4.758475348353385925e-02 8.956672252182409227e-03
5.200000000000013500e-01 -6.226690299808979034e-02 8.065341171391572986e-03
5.300000000000013589e-01 -7.699782401323318481e-02 5.327215813520897077e-03
5.400000000000013678e-01 -9.736111015081405640e-02 4.700564447195508880e-03
5.500000000000013767e-01 -1.130076143890619278e-01 4.762972859611080967e-03
5.600000000000013856e-01 -1.268995376303792000e-01 2.747160273847425432e-03
5.700000000000013944e-01 -1.392342038452625275e-01 1.933255924234515786e-03
5.800000000000014033e-01 -1.549457460641860962e-01 3.800903442500471602e-03
5.900000000000014122e-01 -1.666920697316527367e-01 1.926973158810933381e-03
6.000000000000014211e-01 -1.820496888831257820e-01 1.850020680425508435e-03
6.100000000000014300e-01 -1.937856245785951614e-01 3.169730169385799601e-03
6.200000000000014388e-01 -2.051279852166771889e-01 1.781951568524814617e-03
6.300000000000014477e-01 -2.205905290320515633e-01 1.239816831217603567e-03
6.400000000000014566e-01 -2.335691992193460464e-01 1.516142722523575962e-03
6.500000000000014655e-01 -2.474206406623125076e-01 1.209421775484125069e-03
6.600000000000014744e-01 -2.603776017203927040e-01 1.360833075228912387e-03
6.700000000000014833e-01 -2.718252334743738174e-01 1.301288821845926220e-03
6.800000000000014921e-01 -2.823530714958906174e-01 1.121557357886675613e-03
6.900000000000015010e-01 -2.907504420727491379e-01 8.387448617536107359e-04
7.000000000000015099e-01 -2.948486395180225372e-01 1.292122988601774811e-03
7.100000000000015188e-01 -2.967823110520839691e-01 1.360049830470244549e-03
7.200000000000015277e-01 -2.956880731508135796e-01 3.642263450385588384e-03
7.300000000000015365e-01 -2.991993222385644913e-01 4.256299524142191301e-03
7.400000000000015454e-01 -2.979478482156991959e-01 3.455776380022394095e-02
7.500000000000015543e-01 nan nan
7.600000000000015632e-01 nan nan
7.700000000000015721e-01 nan nan
7.800000000000015810e-01 nan nan
7.900000000000015898e-01 nan nan
8.000000000000015987e-01 nan nan
8.100000000000016076e-01 nan nan
8.200000000000016165e-01 nan nan
8.300000000000016254e-01 nan nan
8.400000000000016342e-01 nan nan
8.500000000000016431e-01 nan nan
8.600000000000016520e-01 nan nan
8.700000000000016609e-01 nan nan
8.800000000000016698e-01 nan nan
8.900000000000016787e-01 nan nan
9.000000000000016875e-01 nan nan
9.100000000000016964e-01 nan nan
9.200000000000017053e-01 nan nan
9.300000000000017142e-01 nan nan
9.400000000000017231e-01 nan nan
9.500000000000017319e-01 nan nan
9.600000000000017408e-01 nan nan
9.700000000000017497e-01 nan nan
9.800000000000017586e-01 nan nan
9.900000000000017675e-01 nan nan
